Time/Residue,AFR3_R1.xvg,AFR3_R2.xvg,Average
0.0,208.737,210.432,209.5845
0.01,219.152,223.337,221.2445
0.02,219.766,218.183,218.9745
0.03,219.764,220.684,220.224
0.04,222.277,219.163,220.72
0.05,220.188,218.842,219.515
0.06,219.874,218.661,219.2675
0.07,220.81,219.427,220.1185
0.08,224.947,222.49,223.7185
0.09,223.332,227.219,225.2755
0.1,221.193,221.566,221.3795
0.11,220.393,220.389,220.391
0.12,219.977,221.364,220.6705
0.13,221.432,223.796,222.614
0.14,221.391,222.026,221.7085
0.15,226.114,225.017,225.5655
0.16,225.957,221.482,223.7195
0.17,224.473,223.76,224.1165
0.18,226.173,224.368,225.2705
0.19,223.66,220.833,222.2465
0.2,224.762,226.303,225.5325
0.21,222.72,227.047,224.8835
0.22,221.023,226.908,223.9655
0.23,223.555,231.144,227.3495
0.24,223.562,225.685,224.6235
0.25,221.425,227.009,224.217
0.26,219.377,227.844,223.6105
0.27,220.215,230.188,225.2015
0.28,218.175,228.849,223.512
0.29,217.892,230.012,223.952
0.3,221.1,227.726,224.413
0.31,222.598,228.174,225.386
0.32,222.819,226.469,224.644
0.33,222.187,231.679,226.933
0.34,221.223,228.938,225.0805
0.35,221.229,226.907,224.068
0.36,219.149,228.285,223.717
0.37,218.728,227.622,223.175
0.38,219.461,228.027,223.744
0.39,217.032,224.071,220.5515
0.4,221.496,225.766,223.631
0.41,223.592,227.824,225.708
0.42,219.717,226.853,223.285
0.43,221.709,228.547,225.128
0.44,221.937,229.125,225.531
0.45,223.701,228.423,226.062
0.46,225.656,228.903,227.2795
0.47,227.673,228.655,228.164
0.48,226.006,229.02,227.513
0.49,224.181,228.77,226.4755
0.5,224.917,232.041,228.479
0.51,224.164,233.007,228.5855
0.52,218.336,231.772,225.054
0.53,218.455,230.168,224.3115
0.54,223.553,230.481,227.017
0.55,222.976,228.602,225.789
0.56,223.113,233.974,228.5435
0.57,226.563,231.433,228.998
0.58,224.736,231.507,228.1215
0.59,224.602,227.031,225.8165
0.6,226.755,231.452,229.1035
0.61,221.524,230.83,226.177
0.62,222.917,227.41,225.1635
0.63,222.935,230.02,226.4775
0.64,225.024,230.132,227.578
0.65,224.876,233.295,229.0855
0.66,222.792,228.808,225.8
0.67,222.945,231.835,227.39
0.68,225.849,231.479,228.664
0.69,226.434,230.553,228.4935
0.7,224.878,231.777,228.3275
0.71,223.386,233.039,228.2125
0.72,222.506,235.56,229.033
0.73,223.675,233.775,228.725
0.74,227.215,229.519,228.367
0.75,225.518,228.928,227.223
0.76,225.997,231.101,228.549
0.77,224.246,230.044,227.145
0.78,225.482,227.872,226.677
0.79,226.845,231.238,229.0415
0.8,222.753,228.847,225.8
0.81,224.022,232.121,228.0715
0.82,225.281,227.493,226.387
0.83,224.784,233.662,229.223
0.84,223.045,227.752,225.3985
0.85,226.554,228.552,227.553
0.86,226.373,230.825,228.599
0.87,224.146,231.845,227.9955
0.88,224.7,231.806,228.253
0.89,222.04,231.443,226.7415
0.9,224.152,229.786,226.969
0.91,224.794,230.973,227.8835
0.92,227.389,228.41,227.8995
0.93,227.638,230.23,228.934
0.94,226.957,230.177,228.567
0.95,225.219,227.21,226.2145
0.96,225.232,231.219,228.2255
0.97,224.26,231.888,228.074
0.98,226.052,231.745,228.8985
0.99,223.718,231.564,227.641
1.0,225.105,230.323,227.714
1.01,223.673,233.585,228.629
1.02,220.585,230.971,225.778
1.03,219.234,228.32,223.777
1.04,223.051,232.827,227.939
1.05,219.904,229.876,224.89
1.06,223.342,228.501,225.9215
1.07,223.153,232.407,227.78
1.08,219.834,231.646,225.74
1.09,221.325,230.025,225.675
1.1,219.813,230.254,225.0335
1.11,223.347,234.216,228.7815
1.12,221.363,233.011,227.187
1.13,220.133,231.646,225.8895
1.14,223.38,233.671,228.5255
1.15,218.816,232.936,225.876
1.16,221.437,232.226,226.8315
1.17,220.896,231.555,226.2255
1.18,222.888,234.268,228.578
1.19,219.071,230.384,224.7275
1.2,224.124,227.94,226.032
1.21,220.694,227.771,224.2325
1.22,222.028,230.101,226.0645
1.23,224.067,230.833,227.45
1.24,220.885,230.781,225.833
1.25,222.076,229.666,225.871
1.26,222.436,229.481,225.9585
1.27,219.953,227.763,223.858
1.28,225.094,225.964,225.529
1.29,220.266,229.601,224.9335
1.3,221.424,229.314,225.369
1.31,220.924,227.661,224.2925
1.32,223.977,229.009,226.493
1.33,219.697,226.901,223.299
1.34,220.443,228.212,224.3275
1.35,224.115,228.135,226.125
1.36,219.074,228.715,223.8945
1.37,220.061,227.647,223.854
1.38,223.846,227.885,225.8655
1.39,222.176,224.216,223.196
1.4,222.714,228.939,225.8265
1.41,221.433,225.207,223.32
1.42,219.305,225.971,222.638
1.43,219.759,226.845,223.302
1.44,223.444,225.551,224.4975
1.45,223.207,228.042,225.6245
1.46,219.062,228.49,223.776
1.47,221.332,223.955,222.6435
1.48,220.663,229.063,224.863
1.49,226.209,226.71,226.4595
1.5,222.714,226.426,224.57
1.51,224.17,225.744,224.957
1.52,222.302,227.756,225.029
1.53,224.591,225.138,224.8645
1.54,224.425,225.67,225.0475
1.55,224.407,226.946,225.6765
1.56,220.285,228.584,224.4345
1.57,221.308,227.133,224.2205
1.58,218.825,227.038,222.9315
1.59,224.431,224.497,224.464
1.6,217.802,225.036,221.419
1.61,223.171,226.39,224.7805
1.62,221.887,226.437,224.162
1.63,218.44,225.265,221.8525
1.64,219.312,226.966,223.139
1.65,223.284,226.69,224.987
1.66,220.091,228.5,224.2955
1.67,225.273,228.065,226.669
1.68,220.833,228.599,224.716
1.69,222.376,224.221,223.2985
1.7,221.1,222.648,221.874
1.71,222.044,225.637,223.8405
1.72,222.748,224.864,223.806
1.73,222.985,229.406,226.1955
1.74,224.389,228.543,226.466
1.75,221.634,225.928,223.781
1.76,216.644,231.798,224.221
1.77,222.629,227.491,225.06
1.78,223.937,225.139,224.538
1.79,221.872,223.267,222.5695
1.8,221.605,225.199,223.402
1.81,223.482,222.865,223.1735
1.82,220.444,224.857,222.6505
1.83,222.301,226.876,224.5885
1.84,226.031,225.03,225.5305
1.85,223.387,222.002,222.6945
1.86,224.426,222.131,223.2785
1.87,222.442,223.409,222.9255
1.88,225.618,219.999,222.8085
1.89,222.495,225.084,223.7895
1.9,223.917,223.052,223.4845
1.91,226.318,221.091,223.7045
1.92,227.459,222.445,224.952
1.93,227.639,223.67,225.6545
1.94,224.19,221.707,222.9485
1.95,221.549,220.058,220.8035
1.96,224.439,225.544,224.9915
1.97,222.327,223.129,222.728
1.98,225.308,221.723,223.5155
1.99,223.042,223.702,223.372
2.0,225.503,221.293,223.398
2.01,222.402,221.268,221.835
2.02,223.558,223.452,223.505
2.03,224.047,222.271,223.159
2.04,225.739,220.863,223.301
2.05,222.417,220.962,221.6895
2.06,225.198,223.16,224.179
2.07,226.284,226.218,226.251
2.08,224.133,222.537,223.335
2.09,227.178,225.536,226.357
2.1,220.178,226.659,223.4185
2.11,225.133,226.08,225.6065
2.12,225.747,224.966,225.3565
2.13,226.172,225.5,225.836
2.14,224.525,223.32,223.9225
2.15,225.728,225.558,225.643
2.16,226.811,228.327,227.569
2.17,223.539,219.279,221.409
2.18,223.637,227.361,225.499
2.19,223.827,227.869,225.848
2.2,222.275,227.998,225.1365
2.21,225.517,225.29,225.4035
2.22,222.219,228.619,225.419
2.23,223.42,226.354,224.887
2.24,226.005,225.003,225.504
2.25,223.072,225.231,224.1515
2.26,223.248,224.004,223.626
2.27,223.498,228.326,225.912
2.28,225.843,224.612,225.2275
2.29,224.552,224.364,224.458
2.3,223.408,226.958,225.183
2.31,227.389,221.461,224.425
2.32,227.947,225.636,226.7915
2.33,228.588,222.478,225.533
2.34,230.172,221.661,225.9165
2.35,231.68,224.925,228.3025
2.36,226.271,225.239,225.755
2.37,227.517,222.337,224.927
2.38,227.807,222.337,225.072
2.39,228.052,224.112,226.082
2.4,229.545,223.535,226.54
2.41,229.027,226.43,227.7285
2.42,225.744,221.132,223.438
2.43,224.026,224.26,224.143
2.44,225.719,222.56,224.1395
2.45,225.009,226.132,225.5705
2.46,226.99,223.673,225.3315
2.47,222.386,222.786,222.586
2.48,226.109,225.9,226.0045
2.49,225.991,222.39,224.1905
2.5,224.295,226.176,225.2355
2.51,226.849,226.02,226.4345
2.52,226.479,225.637,226.058
2.53,224.604,228.265,226.4345
2.54,222.076,225.582,223.829
2.55,224.342,227.749,226.0455
2.56,225.121,226.091,225.606
2.57,227.609,225.72,226.6645
2.58,224.329,225.102,224.7155
2.59,222.649,229.761,226.205
2.6,225.997,224.386,225.1915
2.61,225.335,226.401,225.868
2.62,224.16,226.825,225.4925
2.63,227.079,229.291,228.185
2.64,227.057,224.524,225.7905
2.65,226.509,226.444,226.4765
2.66,227.647,225.426,226.5365
2.67,223.499,224.998,224.2485
2.68,226.499,225.627,226.063
2.69,225.005,222.391,223.698
2.7,224.002,221.023,222.5125
2.71,227.074,224.07,225.572
2.72,227.071,221.802,224.4365
2.73,226.813,224.598,225.7055
2.74,228.577,222.444,225.5105
2.75,228.726,221.69,225.208
2.76,229.507,221.166,225.3365
2.77,230.137,226.673,228.405
2.78,228.57,220.946,224.758
2.79,231.933,218.743,225.338
2.8,229.933,220.92,225.4265
2.81,229.057,218.256,223.6565
2.82,230.964,221.862,226.413
2.83,230.107,225.303,227.705
2.84,230.365,225.208,227.7865
2.85,227.959,226.046,227.0025
2.86,227.929,223.458,225.6935
2.87,230.613,229.015,229.814
2.88,227.982,226.127,227.0545
2.89,229.412,225.039,227.2255
2.9,226.227,223.474,224.8505
2.91,229.853,225.18,227.5165
2.92,228.609,224.408,226.5085
2.93,226.899,222.077,224.488
2.94,226.874,225.644,226.259
2.95,229.965,225.047,227.506
2.96,227.373,225.11,226.2415
2.97,226.05,226.248,226.149
2.98,226.855,227.445,227.15
2.99,228.345,224.036,226.1905
3.0,229.163,226.241,227.702
3.01,229.815,221.46,225.6375
3.02,229.763,223.694,226.7285
3.03,230.192,222.223,226.2075
3.04,227.102,226.262,226.682
3.05,229.63,227.803,228.7165
3.06,232.606,221.294,226.95
3.07,228.766,226.997,227.8815
3.08,227.833,222.346,225.0895
3.09,226.243,224.186,225.2145
3.1,229.098,224.951,227.0245
3.11,229.915,225.365,227.64
3.12,228.982,221.998,225.49
3.13,229.495,221.398,225.4465
3.14,230.468,223.083,226.7755
3.15,228.757,220.056,224.4065
3.16,231.12,221.576,226.348
3.17,230.572,224.684,227.628
3.18,230.83,225.072,227.951
3.19,232.202,226.613,229.4075
3.2,229.298,224.362,226.83
3.21,230.111,221.783,225.947
3.22,230.507,221.389,225.948
3.23,225.636,224.356,224.996
3.24,224.376,223.564,223.97
3.25,226.185,225.194,225.6895
3.26,228.202,225.504,226.853
3.27,226.166,225.573,225.8695
3.28,225.626,227.604,226.615
3.29,225.102,226.51,225.806
3.3,229.117,224.184,226.6505
3.31,225.558,222.023,223.7905
3.32,224.926,227.372,226.149
3.33,226.999,223.75,225.3745
3.34,227.184,223.999,225.5915
3.35,229.832,228.492,229.162
3.36,229.996,223.943,226.9695
3.37,229.483,224.414,226.9485
3.38,228.266,226.036,227.151
3.39,228.87,226.099,227.4845
3.4,224.602,230.846,227.724
3.41,228.084,228.682,228.383
3.42,225.694,226.657,226.1755
3.43,227.406,223.934,225.67
3.44,232.791,226.513,229.652
3.45,228.701,224.522,226.6115
3.46,231.313,228.555,229.934
3.47,227.984,225.246,226.615
3.48,234.51,225.506,230.008
3.49,234.258,224.454,229.356
3.5,228.716,224.409,226.5625
3.51,228.408,226.203,227.3055
3.52,232.177,225.172,228.6745
3.53,229.68,222.905,226.2925
3.54,231.121,224.452,227.7865
3.55,228.77,228.376,228.573
3.56,227.765,225.481,226.623
3.57,232.745,223.873,228.309
3.58,231.012,225.397,228.2045
3.59,224.993,228.303,226.648
3.6,224.676,223.761,224.2185
3.61,228.986,223.47,226.228
3.62,228.463,225.83,227.1465
3.63,230.449,227.512,228.9805
3.64,230.907,227.786,229.3465
3.65,228.458,224.319,226.3885
3.66,226.85,229.118,227.984
3.67,226.943,226.226,226.5845
3.68,229.17,226.442,227.806
3.69,229.064,226.494,227.779
3.7,229.814,229.935,229.8745
3.71,225.829,229.629,227.729
3.72,229.368,230.703,230.0355
3.73,227.743,226.722,227.2325
3.74,223.26,227.205,225.2325
3.75,222.09,231.22,226.655
3.76,224.014,226.7,225.357
3.77,226.48,226.98,226.73
3.78,225.155,232.15,228.6525
3.79,226.206,227.886,227.046
3.8,229.092,230.624,229.858
3.81,225.849,227.602,226.7255
3.82,230.069,230.881,230.475
3.83,225.874,230.627,228.2505
3.84,224.642,231.572,228.107
3.85,227.737,228.182,227.9595
3.86,229.265,227.383,228.324
3.87,224.318,227.148,225.733
3.88,225.708,229.189,227.4485
3.89,223.377,227.608,225.4925
3.9,223.853,229.818,226.8355
3.91,227.972,226.277,227.1245
3.92,226.367,222.617,224.492
3.93,230.151,227.749,228.95
3.94,226.645,226.119,226.382
3.95,230.992,226.357,228.6745
3.96,232.742,226.511,229.6265
3.97,233.039,228.322,230.6805
3.98,227.923,224.639,226.281
3.99,231.288,228.212,229.75
4.0,229.885,225.489,227.687
4.01,226.642,228.362,227.502
4.02,228.146,228.686,228.416
4.03,229.833,226.561,228.197
4.04,230.181,226.699,228.44
4.05,231.238,227.63,229.434
4.06,230.085,228.768,229.4265
4.07,232.351,224.039,228.195
4.08,227.559,229.386,228.4725
4.09,230.939,227.516,229.2275
4.1,230.69,229.392,230.041
4.11,232.983,227.344,230.1635
4.12,233.346,228.487,230.9165
4.13,232.776,226.79,229.783
4.14,231.937,224.728,228.3325
4.15,230.635,226.223,228.429
4.16,231.237,226.768,229.0025
4.17,232.346,224.841,228.5935
4.18,231.518,225.057,228.2875
4.19,234.267,226.873,230.57
4.2,232.314,225.38,228.847
4.21,234.281,226.271,230.276
4.22,233.696,224.408,229.052
4.23,231.393,229.888,230.6405
4.24,229.222,227.171,228.1965
4.25,232.43,224.633,228.5315
4.26,230.916,225.937,228.4265
4.27,233.171,224.521,228.846
4.28,232.648,227.021,229.8345
4.29,234.433,223.055,228.744
4.3,234.379,225.349,229.864
4.31,233.1,226.987,230.0435
4.32,233.355,226.595,229.975
4.33,236.503,225.298,230.9005
4.34,231.8,228.078,229.939
4.35,232.105,226.24,229.1725
4.36,233.519,230.583,232.051
4.37,229.015,229.369,229.192
4.38,231.432,228.925,230.1785
4.39,233.943,225.616,229.7795
4.4,236.884,227.515,232.1995
4.41,233.327,225.273,229.3
4.42,235.297,225.785,230.541
4.43,232.75,227.136,229.943
4.44,229.112,227.469,228.2905
4.45,231.633,229.169,230.401
4.46,233.95,226.207,230.0785
4.47,231.685,226.174,228.9295
4.48,234.444,229.018,231.731
4.49,238.078,226.74,232.409
4.5,233.797,225.646,229.7215
4.51,237.674,227.841,232.7575
4.52,238.639,227.855,233.247
4.53,230.729,226.943,228.836
4.54,233.303,227.858,230.5805
4.55,236.747,225.708,231.2275
4.56,237.266,224.103,230.6845
4.57,237.422,227.43,232.426
4.58,235.7,226.372,231.036
4.59,234.714,227.179,230.9465
4.6,233.22,224.869,229.0445
4.61,232.612,229.488,231.05
4.62,232.76,228.189,230.4745
4.63,231.036,228.842,229.939
4.64,232.438,225.821,229.1295
4.65,230.441,223.631,227.036
4.66,230.641,228.457,229.549
4.67,231.191,227.303,229.247
4.68,230.322,226.106,228.214
4.69,230.575,222.105,226.34
4.7,232.029,225.972,229.0005
4.71,230.644,222.475,226.5595
4.72,231.416,226.566,228.991
4.73,228.284,225.873,227.0785
4.74,229.661,226.995,228.328
4.75,226.067,225.836,225.9515
4.76,226.99,225.181,226.0855
4.77,225.607,221.622,223.6145
4.78,227.615,224.455,226.035
4.79,230.21,220.773,225.4915
4.8,230.999,223.21,227.1045
4.81,228.286,224.086,226.186
4.82,230.656,227.358,229.007
4.83,229.099,222.777,225.938
4.84,232.181,222.943,227.562
4.85,229.46,218.496,223.978
4.86,228.68,221.743,225.2115
4.87,226.319,224.219,225.269
4.88,231.574,224.994,228.284
4.89,229.912,218.597,224.2545
4.9,229.869,224.811,227.34
4.91,230.165,224.403,227.284
4.92,233.46,228.793,231.1265
4.93,231.877,224.744,228.3105
4.94,230.551,227.735,229.143
4.95,227.312,227.008,227.16
4.96,228.304,221.742,225.023
4.97,230.043,221.006,225.5245
4.98,232.817,224.641,228.729
4.99,232.269,227.064,229.6665
5.0,227.89,225.827,226.8585
5.01,230.637,223.299,226.968
5.02,231.113,227.498,229.3055
5.03,229.843,225.897,227.87
5.04,232.235,225.266,228.7505
5.05,235.447,227.785,231.616
5.06,228.753,225.589,227.171
5.07,234.217,222.398,228.3075
5.08,231.488,226.82,229.154
5.09,231.532,226.58,229.056
5.1,232.35,227.08,229.715
5.11,232.01,224.05,228.03
5.12,231.645,227.052,229.3485
5.13,229.994,224.595,227.2945
5.14,229.179,224.516,226.8475
5.15,231.42,224.81,228.115
5.16,234.149,227.446,230.7975
5.17,233.606,228.922,231.264
5.18,233.824,225.78,229.802
5.19,232.971,227.615,230.293
5.2,233.486,225.612,229.549
5.21,231.692,229.952,230.822
5.22,235.501,228.747,232.124
5.23,230.782,228.833,229.8075
5.24,233.802,226.953,230.3775
5.25,232.714,225.408,229.061
5.26,231.403,222.141,226.772
5.27,232.452,228.836,230.644
5.28,232.873,227.997,230.435
5.29,229.729,222.131,225.93
5.3,233.176,226.125,229.6505
5.31,229.113,231.412,230.2625
5.32,230.968,230.037,230.5025
5.33,231.453,229.638,230.5455
5.34,231.799,227.923,229.861
5.35,231.162,230.297,230.7295
5.36,231.525,229.08,230.3025
5.37,232.351,225.094,228.7225
5.38,231.741,226.345,229.043
5.39,230.945,227.293,229.119
5.4,230.574,225.477,228.0255
5.41,234.547,227.784,231.1655
5.42,234.409,228.987,231.698
5.43,231.4,227.974,229.687
5.44,234.103,228.396,231.2495
5.45,234.017,226.698,230.3575
5.46,232.824,228.27,230.547
5.47,234.63,227.256,230.943
5.48,233.369,225.873,229.621
5.49,232.596,231.038,231.817
5.5,232.075,229.67,230.8725
5.51,230.339,231.742,231.0405
5.52,230.716,230.145,230.4305
5.53,235.303,227.375,231.339
5.54,232.497,229.68,231.0885
5.55,236.454,227.631,232.0425
5.56,233.105,230.951,232.028
5.57,233.82,227.025,230.4225
5.58,233.145,226.692,229.9185
5.59,227.9,228.424,228.162
5.6,234.526,226.055,230.2905
5.61,233.478,227.355,230.4165
5.62,229.306,230.14,229.723
5.63,229.086,223.822,226.454
5.64,233.657,228.452,231.0545
5.65,228.954,225.397,227.1755
5.66,234.721,227.396,231.0585
5.67,232.987,223.496,228.2415
5.68,232.435,225.984,229.2095
5.69,235.532,227.266,231.399
5.7,231.394,228.287,229.8405
5.71,231.443,225.682,228.5625
5.72,233.597,227.119,230.358
5.73,230.866,228.264,229.565
5.74,232.643,228.994,230.8185
5.75,237.855,229.962,233.9085
5.76,239.895,227.888,233.8915
5.77,234.884,230.351,232.6175
5.78,235.134,229.683,232.4085
5.79,234.591,228.383,231.487
5.8,234.265,231.455,232.86
5.81,232.07,229.749,230.9095
5.82,236.238,227.699,231.9685
5.83,236.286,231.041,233.6635
5.84,235.056,230.909,232.9825
5.85,233.458,234.354,233.906
5.86,235.842,234.203,235.0225
5.87,237.264,232.1,234.682
5.88,235.506,232.461,233.9835
5.89,235.656,233.423,234.5395
5.9,236.003,235.032,235.5175
5.91,233.341,233.009,233.175
5.92,233.744,231.031,232.3875
5.93,234.677,234.43,234.5535
5.94,231.607,235.364,233.4855
5.95,233.948,229.974,231.961
5.96,229.883,230.898,230.3905
5.97,230.9,229.167,230.0335
5.98,229.953,227.611,228.782
5.99,229.261,227.666,228.4635
6.0,231.291,231.235,231.263
6.01,233.293,233.282,233.2875
6.02,233.982,234.392,234.187
6.03,231.504,234.875,233.1895
6.04,231.119,234.456,232.7875
6.05,230.644,234.235,232.4395
6.06,233.808,234.514,234.161
6.07,230.363,233.179,231.771
6.08,234.465,233.105,233.785
6.09,230.47,236.41,233.44
6.1,229.22,234.556,231.888
6.11,231.405,234.109,232.757
6.12,230.709,235.449,233.079
6.13,229.312,230.29,229.801
6.14,232.271,229.962,231.1165
6.15,234.882,235.208,235.045
6.16,232.263,235.955,234.109
6.17,231.922,234.266,233.094
6.18,229.636,234.979,232.3075
6.19,234.287,234.229,234.258
6.2,232.572,233.279,232.9255
6.21,231.468,232.381,231.9245
6.22,230.417,230.774,230.5955
6.23,229.851,234.229,232.04
6.24,232.253,235.026,233.6395
6.25,233.005,232.752,232.8785
6.26,230.153,229.644,229.8985
6.27,232.387,227.067,229.727
6.28,228.376,228.939,228.6575
6.29,231.145,229.721,230.433
6.3,230.09,229.539,229.8145
6.31,233.525,228.2,230.8625
6.32,229.162,230.623,229.8925
6.33,231.43,230.038,230.734
6.34,229.625,231.341,230.483
6.35,228.569,231.621,230.095
6.36,232.008,228.833,230.4205
6.37,227.551,230.892,229.2215
6.38,226.487,232.84,229.6635
6.39,233.237,232.478,232.8575
6.4,231.112,233.398,232.255
6.41,233.704,234.086,233.895
6.42,230.728,231.836,231.282
6.43,232.487,228.603,230.545
6.44,231.042,233.049,232.0455
6.45,231.899,229.485,230.692
6.46,234.273,230.825,232.549
6.47,235.411,226.754,231.0825
6.48,232.02,228.947,230.4835
6.49,232.081,229.494,230.7875
6.5,234.145,227.805,230.975
6.51,232.439,229.497,230.968
6.52,232.795,230.973,231.884
6.53,233.813,229.652,231.7325
6.54,234.225,229.132,231.6785
6.55,233.96,229.981,231.9705
6.56,231.265,227.252,229.2585
6.57,229.087,230.362,229.7245
6.58,228.301,233.413,230.857
6.59,228.888,227.662,228.275
6.6,230.428,226.016,228.222
6.61,232.529,231.046,231.7875
6.62,231.511,227.495,229.503
6.63,231.822,229.658,230.74
6.64,233.591,231.156,232.3735
6.65,232.024,227.955,229.9895
6.66,233.228,224.183,228.7055
6.67,229.673,230.138,229.9055
6.68,231.274,229.078,230.176
6.69,231.175,232.498,231.8365
6.7,232.673,231.506,232.0895
6.71,230.923,229.709,230.316
6.72,227.662,231.413,229.5375
6.73,230.878,232.811,231.8445
6.74,231.757,229.746,230.7515
6.75,229.385,229.179,229.282
6.76,223.641,234.731,229.186
6.77,229.92,235.193,232.5565
6.78,233.32,237.402,235.361
6.79,229.717,228.636,229.1765
6.8,230.934,229.727,230.3305
6.81,230.159,228.031,229.095
6.82,230.568,225.148,227.858
6.83,232.426,227.964,230.195
6.84,232.026,232.31,232.168
6.85,229.167,231.55,230.3585
6.86,229.078,229.372,229.225
6.87,234.505,230.387,232.446
6.88,235.874,228.689,232.2815
6.89,236.309,227.48,231.8945
6.9,235.723,228.248,231.9855
6.91,234.012,227.205,230.6085
6.92,236.652,228.785,232.7185
6.93,233.286,231.96,232.623
6.94,234.609,230.804,232.7065
6.95,232.464,232.278,232.371
6.96,233.012,230.713,231.8625
6.97,233.365,228.091,230.728
6.98,235.777,230.604,233.1905
6.99,230.571,228.099,229.335
7.0,231.882,228.17,230.026
7.01,233.316,229.084,231.2
7.02,229.882,232.319,231.1005
7.03,231.109,230.775,230.942
7.04,233.684,231.375,232.5295
7.05,233.057,229.651,231.354
7.06,234.642,228.141,231.3915
7.07,234.791,231.836,233.3135
7.08,233.237,229.593,231.415
7.09,233.149,229.549,231.349
7.1,230.656,227.756,229.206
7.11,229.781,233.056,231.4185
7.12,231.879,230.564,231.2215
7.13,234.175,231.38,232.7775
7.14,232.474,229.911,231.1925
7.15,233.025,230.68,231.8525
7.16,231.373,229.754,230.5635
7.17,229.297,230.41,229.8535
7.18,229.715,231.441,230.578
7.19,233.755,229.494,231.6245
7.2,230.751,230.52,230.6355
7.21,234.269,233.325,233.797
7.22,230.188,229.713,229.9505
7.23,232.278,229.081,230.6795
7.24,230.854,227.927,229.3905
7.25,231.581,232.154,231.8675
7.26,229.944,231.678,230.811
7.27,232.624,231.82,232.222
7.28,232.78,231.136,231.958
7.29,230.892,230.142,230.517
7.3,231.269,227.075,229.172
7.31,232.773,231.131,231.952
7.32,229.552,231.153,230.3525
7.33,228.549,230.112,229.3305
7.34,228.102,229.457,228.7795
7.35,227.47,231.61,229.54
7.36,231.124,230.371,230.7475
7.37,226.968,233.404,230.186
7.38,228.172,230.851,229.5115
7.39,232.252,227.724,229.988
7.4,228.14,226.256,227.198
7.41,226.172,226.003,226.0875
7.42,227.165,229.801,228.483
7.43,231.994,227.803,229.8985
7.44,228.947,230.477,229.712
7.45,232.179,225.717,228.948
7.46,229.566,230.959,230.2625
7.47,231.951,229.755,230.853
7.48,227.274,226.907,227.0905
7.49,228.184,227.016,227.6
7.5,230.642,229.212,229.927
7.51,227.364,224.421,225.8925
7.52,228.938,229.088,229.013
7.53,227.103,231.967,229.535
7.54,228.809,230.427,229.618
7.55,228.316,232.473,230.3945
7.56,228.974,231.218,230.096
7.57,227.999,228.956,228.4775
7.58,228.14,231.856,229.998
7.59,228.716,231.938,230.327
7.6,228.906,231.464,230.185
7.61,230.37,228.824,229.597
7.62,228.384,235.023,231.7035
7.63,230.796,229.695,230.2455
7.64,230.889,228.362,229.6255
7.65,230.557,227.95,229.2535
7.66,226.822,231.892,229.357
7.67,228.993,230.742,229.8675
7.68,229.538,228.763,229.1505
7.69,225.181,230.41,227.7955
7.7,227.708,227.663,227.6855
7.71,225.224,227.556,226.39
7.72,229.269,230.072,229.6705
7.73,230.611,232.323,231.467
7.74,229.743,230.391,230.067
7.75,229.515,230.764,230.1395
7.76,227.501,230.063,228.782
7.77,225.605,229.989,227.797
7.78,227.75,228.99,228.37
7.79,228.108,229.396,228.752
7.8,232.329,228.182,230.2555
7.81,229.871,226.859,228.365
7.82,226.733,229.533,228.133
7.83,228.588,229.392,228.99
7.84,228.933,229.504,229.2185
7.85,228.698,227.775,228.2365
7.86,231.162,232.157,231.6595
7.87,227.075,228.407,227.741
7.88,224.157,229.304,226.7305
7.89,225.213,228.024,226.6185
7.9,228.203,232.044,230.1235
7.91,226.901,229.99,228.4455
7.92,225.338,232.141,228.7395
7.93,227.944,232.415,230.1795
7.94,231.179,233.9,232.5395
7.95,229.529,230.484,230.0065
7.96,229.732,232.014,230.873
7.97,226.761,233.833,230.297
7.98,226.803,230.258,228.5305
7.99,227.896,231.539,229.7175
8.0,231.161,235.03,233.0955
8.01,226.094,233.293,229.6935
8.02,226.342,229.9,228.121
8.03,228.5,227.889,228.1945
8.04,230.544,229.832,230.188
8.05,227.386,228.109,227.7475
8.06,228.774,226.204,227.489
8.07,228.951,227.678,228.3145
8.08,224.961,229.271,227.116
8.09,227.51,226.245,226.8775
8.1,226.101,231.151,228.626
8.11,226.056,228.304,227.18
8.12,226.205,228.812,227.5085
8.13,225.981,230.253,228.117
8.14,226.565,227.833,227.199
8.15,226.341,229.308,227.8245
8.16,226.129,229.036,227.5825
8.17,223.601,231.342,227.4715
8.18,223.866,229.258,226.562
8.19,224.222,230.372,227.297
8.2,228.663,229.738,229.2005
8.21,226.554,232.024,229.289
8.22,227.822,229.66,228.741
8.23,227.894,231.619,229.7565
8.24,226.391,230.298,228.3445
8.25,223.429,228.463,225.946
8.26,225.178,229.41,227.294
8.27,226.533,232.424,229.4785
8.28,225.949,230.171,228.06
8.29,228.596,230.187,229.3915
8.3,228.082,232.763,230.4225
8.31,225.878,233.097,229.4875
8.32,229.236,232.763,230.9995
8.33,225.429,232.855,229.142
8.34,227.666,227.942,227.804
8.35,229.767,233.631,231.699
8.36,227.985,228.935,228.46
8.37,225.516,229.828,227.672
8.38,226.776,228.793,227.7845
8.39,228.06,232.186,230.123
8.4,226.857,227.919,227.388
8.41,228.232,230.086,229.159
8.42,226.457,225.559,226.008
8.43,229.718,228.545,229.1315
8.44,228.545,227.462,228.0035
8.45,226.95,226.044,226.497
8.46,229.871,230.187,230.029
8.47,228.685,228.505,228.595
8.48,227.293,228.018,227.6555
8.49,229.554,227.833,228.6935
8.5,229.078,230.449,229.7635
8.51,226.529,224.899,225.714
8.52,227.851,227.2,227.5255
8.53,229.838,227.505,228.6715
8.54,228.571,231.671,230.121
8.55,231.438,228.949,230.1935
8.56,226.355,228.694,227.5245
8.57,227.475,229.016,228.2455
8.58,229.087,227.303,228.195
8.59,229.043,229.165,229.104
8.6,225.102,226.334,225.718
8.61,229.076,229.805,229.4405
8.62,228.732,226.168,227.45
8.63,230.498,228.201,229.3495
8.64,225.813,229.674,227.7435
8.65,229.863,231.32,230.5915
8.66,227.568,229.754,228.661
8.67,226.685,233.008,229.8465
8.68,226.673,227.093,226.883
8.69,228.675,228.895,228.785
8.7,227.906,228.049,227.9775
8.71,226.36,225.274,225.817
8.72,227.513,224.402,225.9575
8.73,230.084,226.484,228.284
8.74,230.53,228.088,229.309
8.75,230.06,226.222,228.141
8.76,227.436,228.85,228.143
8.77,229.909,222.999,226.454
8.78,231.812,228.782,230.297
8.79,225.746,226.197,225.9715
8.8,228.538,227.442,227.99
8.81,230.081,227.783,228.932
8.82,228.553,226.121,227.337
8.83,227.764,228.061,227.9125
8.84,228.285,225.424,226.8545
8.85,227.92,227.99,227.955
8.86,226.919,228.189,227.554
8.87,229.566,223.523,226.5445
8.88,229.272,231.77,230.521
8.89,228.934,230.578,229.756
8.9,225.233,227.294,226.2635
8.91,225.585,225.629,225.607
8.92,226.361,227.627,226.994
8.93,222.614,232.551,227.5825
8.94,226.64,231.202,228.921
8.95,226.011,228.933,227.472
8.96,225.34,228.973,227.1565
8.97,226.044,232.581,229.3125
8.98,227.226,230.899,229.0625
8.99,230.099,233.116,231.6075
9.0,226.556,230.227,228.3915
9.01,228.403,232.492,230.4475
9.02,230.134,231.257,230.6955
9.03,230.021,231.017,230.519
9.04,225.677,231.281,228.479
9.05,227.08,232.358,229.719
9.06,228.711,227.815,228.263
9.07,227.835,229.856,228.8455
9.08,230.373,230.006,230.1895
9.09,230.001,227.347,228.674
9.1,231.532,226.907,229.2195
9.11,231.109,223.659,227.384
9.12,227.03,230.286,228.658
9.13,226.091,230.699,228.395
9.14,230.208,233.887,232.0475
9.15,228.95,230.775,229.8625
9.16,229.718,228.937,229.3275
9.17,231.479,229.829,230.654
9.18,231.623,230.542,231.0825
9.19,228.018,231.114,229.566
9.2,229.166,227.334,228.25
9.21,228.193,230.338,229.2655
9.22,227.844,229.04,228.442
9.23,229.529,228.535,229.032
9.24,229.209,228.451,228.83
9.25,228.358,230.393,229.3755
9.26,228.285,229.395,228.84
9.27,230.846,232.606,231.726
9.28,227.398,229.019,228.2085
9.29,230.34,228.537,229.4385
9.3,228.035,226.917,227.476
9.31,228.902,227.842,228.372
9.32,228.922,230.387,229.6545
9.33,228.86,230.049,229.4545
9.34,228.964,233.192,231.078
9.35,230.672,232.568,231.62
9.36,229.748,229.401,229.5745
9.37,232.007,231.345,231.676
9.38,231.814,229.568,230.691
9.39,228.222,225.875,227.0485
9.4,231.271,230.135,230.703
9.41,230.198,228.456,229.327
9.42,234.81,229.176,231.993
9.43,228.414,230.643,229.5285
9.44,230.908,228.918,229.913
9.45,230.056,231.343,230.6995
9.46,230.256,233.518,231.887
9.47,227.141,231.874,229.5075
9.48,231.229,230.601,230.915
9.49,230.217,229.888,230.0525
9.5,227.325,233.585,230.455
9.51,229.87,232.037,230.9535
9.52,228.974,227.012,227.993
9.53,230.101,231.728,230.9145
9.54,226.836,229.964,228.4
9.55,229.429,227.209,228.319
9.56,229.769,227.144,228.4565
9.57,227.917,225.674,226.7955
9.58,228.794,227.675,228.2345
9.59,226.988,225.039,226.0135
9.6,227.764,222.66,225.212
9.61,231.89,227.089,229.4895
9.62,230.204,226.635,228.4195
9.63,228.925,224.74,226.8325
9.64,230.83,227.502,229.166
9.65,227.136,225.284,226.21
9.66,228.93,222.041,225.4855
9.67,227.219,229.284,228.2515
9.68,229.232,227.375,228.3035
9.69,226.645,223.478,225.0615
9.7,228.234,225.499,226.8665
9.71,227.633,226.986,227.3095
9.72,225.877,224.69,225.2835
9.73,223.673,226.373,225.023
9.74,226.352,227.991,227.1715
9.75,229.363,226.225,227.794
9.76,228.888,223.701,226.2945
9.77,227.296,224.335,225.8155
9.78,228.544,224.311,226.4275
9.79,226.066,224.845,225.4555
9.8,226.835,225.853,226.344
9.81,224.651,229.024,226.8375
9.82,227.811,228.208,228.0095
9.83,223.303,230.523,226.913
9.84,226.131,228.114,227.1225
9.85,226.17,226.813,226.4915
9.86,224.356,228.309,226.3325
9.87,226.262,225.145,225.7035
9.88,225.693,230.965,228.329
9.89,225.024,225.386,225.205
9.9,227.861,228.624,228.2425
9.91,227.702,226.78,227.241
9.92,227.697,227.553,227.625
9.93,228.889,224.225,226.557
9.94,230.043,225.213,227.628
9.95,228.159,221.264,224.7115
9.96,229.968,225.198,227.583
9.97,228.463,223.864,226.1635
9.98,225.135,226.602,225.8685
9.99,228.406,227.045,227.7255
10.0,230.48,226.355,228.4175
10.01,229.462,225.352,227.407
10.02,230.026,226.845,228.4355
10.03,227.17,224.23,225.7
10.04,225.418,228.224,226.821
10.05,227.789,229.255,228.522
10.06,227.8,225.947,226.8735
10.07,227.986,228.264,228.125
10.08,223.892,225.624,224.758
10.09,227.317,228.416,227.8665
10.1,227.276,226.657,226.9665
10.11,227.891,227.478,227.6845
10.12,224.737,226.274,225.5055
10.13,227.441,227.413,227.427
10.14,226.376,225.386,225.881
10.15,225.705,228.892,227.2985
10.16,226.455,223.022,224.7385
10.17,225.811,222.456,224.1335
10.18,227.247,226.504,226.8755
10.19,226.879,226.426,226.6525
10.2,228.928,225.042,226.985
10.21,224.166,222.869,223.5175
10.22,226.675,222.436,224.5555
10.23,227.867,225.237,226.552
10.24,227.309,224.42,225.8645
10.25,225.449,223.805,224.627
10.26,227.488,228.892,228.19
10.27,228.012,229.736,228.874
10.28,227.692,227.98,227.836
10.29,229.529,229.031,229.28
10.3,225.383,227.893,226.638
10.31,223.934,227.805,225.8695
10.32,225.73,226.754,226.242
10.33,227.358,226.087,226.7225
10.34,229.795,227.776,228.7855
10.35,224.435,228.759,226.597
10.36,226.252,228.368,227.31
10.37,229.113,227.932,228.5225
10.38,225.389,229.013,227.201
10.39,228.767,233.383,231.075
10.4,227.15,226.916,227.033
10.41,225.017,233.476,229.2465
10.42,225.729,228.413,227.071
10.43,226.895,227.85,227.3725
10.44,225.867,227.565,226.716
10.45,227.865,226.081,226.973
10.46,226.814,228.367,227.5905
10.47,228.81,230.6,229.705
10.48,229.668,225.949,227.8085
10.49,227.363,231.247,229.305
10.5,228.891,231.346,230.1185
10.51,226.588,226.508,226.548
10.52,228.431,225.588,227.0095
10.53,227.836,226.986,227.411
10.54,230.108,229.156,229.632
10.55,228.733,228.417,228.575
10.56,227.015,227.425,227.22
10.57,225.932,231.319,228.6255
10.58,224.07,231.583,227.8265
10.59,226.487,227.458,226.9725
10.6,225.532,228.452,226.992
10.61,227.463,224.416,225.9395
10.62,228.667,230.718,229.6925
10.63,229.881,225.187,227.534
10.64,230.041,225.524,227.7825
10.65,230.047,228.246,229.1465
10.66,233.689,226.647,230.168
10.67,228.536,225.318,226.927
10.68,229.234,229.474,229.354
10.69,232.954,224.793,228.8735
10.7,230.88,230.189,230.5345
10.71,229.816,232.074,230.945
10.72,227.923,227.499,227.711
10.73,227.595,225.927,226.761
10.74,229.466,227.308,228.387
10.75,229.737,227.306,228.5215
10.76,230.011,225.178,227.5945
10.77,230.37,227.182,228.776
10.78,226.684,224.988,225.836
10.79,232.584,228.463,230.5235
10.8,230.916,226.115,228.5155
10.81,231.423,230.92,231.1715
10.82,231.88,224.897,228.3885
10.83,232.509,228.329,230.419
10.84,231.183,224.935,228.059
10.85,227.181,232.639,229.91
10.86,227.372,230.231,228.8015
10.87,234.147,228.454,231.3005
10.88,229.715,224.362,227.0385
10.89,228.765,227.307,228.036
10.9,230.707,227.963,229.335
10.91,226.632,226.057,226.3445
10.92,229.478,225.616,227.547
10.93,230.034,226.244,228.139
10.94,229.773,227.756,228.7645
10.95,229.488,226.838,228.163
10.96,231.793,230.274,231.0335
10.97,232.588,229.971,231.2795
10.98,233.86,226.132,229.996
10.99,230.0,230.019,230.0095
11.0,230.797,228.715,229.756
11.01,228.57,230.297,229.4335
11.02,228.912,228.627,228.7695
11.03,230.79,227.354,229.072
11.04,227.65,227.887,227.7685
11.05,227.635,224.878,226.2565
11.06,226.415,232.332,229.3735
11.07,230.303,230.792,230.5475
11.08,220.506,230.338,225.422
11.09,228.645,234.187,231.416
11.1,224.29,227.228,225.759
11.11,226.224,231.911,229.0675
11.12,228.363,230.208,229.2855
11.13,230.76,228.802,229.781
11.14,230.53,228.109,229.3195
11.15,232.21,231.553,231.8815
11.16,229.063,229.862,229.4625
11.17,229.837,228.836,229.3365
11.18,231.532,227.818,229.675
11.19,234.196,233.435,233.8155
11.2,235.219,229.744,232.4815
11.21,234.158,229.507,231.8325
11.22,230.185,227.47,228.8275
11.23,231.855,227.773,229.814
11.24,233.241,228.028,230.6345
11.25,229.17,227.839,228.5045
11.26,230.034,225.808,227.921
11.27,233.518,227.989,230.7535
11.28,233.298,226.655,229.9765
11.29,229.871,229.032,229.4515
11.3,230.803,229.301,230.052
11.31,231.226,230.051,230.6385
11.32,231.316,230.537,230.9265
11.33,232.548,228.77,230.659
11.34,232.971,228.099,230.535
11.35,229.555,227.756,228.6555
11.36,233.584,225.204,229.394
11.37,233.316,229.663,231.4895
11.38,228.871,226.091,227.481
11.39,232.969,230.775,231.872
11.4,230.547,233.527,232.037
11.41,230.075,230.026,230.0505
11.42,232.154,229.907,231.0305
11.43,231.43,228.019,229.7245
11.44,229.12,228.481,228.8005
11.45,233.083,228.956,231.0195
11.46,229.188,227.203,228.1955
11.47,230.007,229.605,229.806
11.48,227.372,229.454,228.413
11.49,226.126,228.779,227.4525
11.5,227.403,230.838,229.1205
11.51,228.802,230.562,229.682
11.52,229.294,229.11,229.202
11.53,228.755,226.534,227.6445
11.54,230.089,226.047,228.068
11.55,227.242,229.213,228.2275
11.56,228.53,230.395,229.4625
11.57,227.733,225.263,226.498
11.58,223.296,227.272,225.284
11.59,227.71,228.842,228.276
11.6,227.792,229.407,228.5995
11.61,227.755,231.344,229.5495
11.62,230.095,228.709,229.402
11.63,230.302,229.171,229.7365
11.64,227.547,226.144,226.8455
11.65,229.172,224.446,226.809
11.66,227.528,225.572,226.55
11.67,229.721,226.313,228.017
11.68,225.28,227.541,226.4105
11.69,225.011,228.269,226.64
11.7,225.239,228.072,226.6555
11.71,225.261,224.944,225.1025
11.72,225.484,225.875,225.6795
11.73,224.873,228.225,226.549
11.74,226.672,225.545,226.1085
11.75,225.785,226.986,226.3855
11.76,224.241,227.377,225.809
11.77,226.146,228.112,227.129
11.78,226.759,229.889,228.324
11.79,228.206,228.961,228.5835
11.8,228.875,225.055,226.965
11.81,227.257,228.816,228.0365
11.82,228.242,229.179,228.7105
11.83,227.67,229.781,228.7255
11.84,229.273,228.694,228.9835
11.85,228.554,229.945,229.2495
11.86,226.471,231.692,229.0815
11.87,226.274,233.832,230.053
11.88,227.068,228.406,227.737
11.89,225.745,228.795,227.27
11.9,225.823,230.126,227.9745
11.91,228.776,232.558,230.667
11.92,228.797,232.888,230.8425
11.93,227.39,232.473,229.9315
11.94,228.494,233.447,230.9705
11.95,228.483,228.062,228.2725
11.96,229.024,229.323,229.1735
11.97,225.318,232.034,228.676
11.98,226.336,232.498,229.417
11.99,225.94,234.475,230.2075
12.0,226.922,235.007,230.9645
12.01,229.639,232.464,231.0515
12.02,229.664,232.799,231.2315
12.03,228.325,231.038,229.6815
12.04,227.692,231.833,229.7625
12.05,229.227,233.186,231.2065
12.06,230.149,232.702,231.4255
12.07,226.478,230.894,228.686
12.08,230.285,233.673,231.979
12.09,228.311,229.574,228.9425
12.1,229.304,234.385,231.8445
12.11,226.037,229.131,227.584
12.12,224.274,233.296,228.785
12.13,227.005,230.16,228.5825
12.14,227.143,231.827,229.485
12.15,227.467,230.374,228.9205
12.16,231.671,230.815,231.243
12.17,230.799,231.095,230.947
12.18,231.222,228.956,230.089
12.19,230.991,230.522,230.7565
12.2,232.344,229.617,230.9805
12.21,232.543,229.022,230.7825
12.22,230.346,229.797,230.0715
12.23,228.977,229.39,229.1835
12.24,226.571,227.131,226.851
12.25,224.697,223.087,223.892
12.26,228.426,228.442,228.434
12.27,229.607,228.691,229.149
12.28,228.012,227.449,227.7305
12.29,227.987,226.589,227.288
12.3,227.892,227.444,227.668
12.31,229.44,230.086,229.763
12.32,230.204,225.239,227.7215
12.33,229.435,228.504,228.9695
12.34,230.305,230.166,230.2355
12.35,227.632,229.662,228.647
12.36,230.551,229.845,230.198
12.37,232.379,229.125,230.752
12.38,229.481,227.557,228.519
12.39,229.464,227.606,228.535
12.4,230.35,229.191,229.7705
12.41,232.368,232.673,232.5205
12.42,231.823,230.976,231.3995
12.43,229.88,229.608,229.744
12.44,227.674,226.697,227.1855
12.45,229.88,228.87,229.375
12.46,228.65,230.272,229.461
12.47,230.764,228.591,229.6775
12.48,226.289,227.321,226.805
12.49,230.91,226.868,228.889
12.5,229.069,225.303,227.186
12.51,231.395,224.125,227.76
12.52,227.252,226.044,226.648
12.53,227.481,225.577,226.529
12.54,227.97,226.445,227.2075
12.55,229.73,225.283,227.5065
12.56,226.742,225.8,226.271
12.57,229.049,227.64,228.3445
12.58,229.95,228.753,229.3515
12.59,229.78,226.975,228.3775
12.6,229.747,227.811,228.779
12.61,227.284,225.704,226.494
12.62,228.43,225.651,227.0405
12.63,230.486,227.264,228.875
12.64,228.94,225.158,227.049
12.65,228.364,229.913,229.1385
12.66,228.348,231.371,229.8595
12.67,230.363,228.978,229.6705
12.68,229.988,230.505,230.2465
12.69,229.617,227.465,228.541
12.7,228.128,224.91,226.519
12.71,229.242,231.961,230.6015
12.72,230.732,228.549,229.6405
12.73,228.32,225.616,226.968
12.74,227.294,227.083,227.1885
12.75,226.639,229.274,227.9565
12.76,230.912,225.461,228.1865
12.77,226.194,229.538,227.866
12.78,226.667,226.431,226.549
12.79,226.096,228.21,227.153
12.8,227.073,227.367,227.22
12.81,228.595,226.84,227.7175
12.82,228.005,228.234,228.1195
12.83,229.134,224.459,226.7965
12.84,230.045,224.467,227.256
12.85,226.243,226.927,226.585
12.86,227.281,224.939,226.11
12.87,226.508,223.816,225.162
12.88,227.927,223.874,225.9005
12.89,226.483,227.275,226.879
12.9,226.145,230.739,228.442
12.91,227.645,227.426,227.5355
12.92,225.283,226.232,225.7575
12.93,230.303,228.501,229.402
12.94,227.357,226.321,226.839
12.95,228.483,228.912,228.6975
12.96,225.929,227.959,226.944
12.97,226.612,227.19,226.901
12.98,225.178,227.964,226.571
12.99,227.108,226.22,226.664
13.0,223.2,224.488,223.844
13.01,226.025,226.335,226.18
13.02,227.717,226.931,227.324
13.03,225.856,229.494,227.675
13.04,226.007,228.946,227.4765
13.05,229.109,228.968,229.0385
13.06,229.222,225.166,227.194
13.07,227.232,227.445,227.3385
13.08,228.535,227.415,227.975
13.09,228.429,224.86,226.6445
13.1,225.35,228.194,226.772
13.11,228.155,228.355,228.255
13.12,228.618,225.993,227.3055
13.13,229.476,224.678,227.077
13.14,220.317,226.91,223.6135
13.15,225.919,223.316,224.6175
13.16,225.805,225.741,225.773
13.17,225.822,222.085,223.9535
13.18,227.769,224.906,226.3375
13.19,226.642,226.214,226.428
13.2,230.21,226.515,228.3625
13.21,224.911,227.013,225.962
13.22,226.506,228.017,227.2615
13.23,227.401,229.34,228.3705
13.24,225.851,228.635,227.243
13.25,226.522,231.133,228.8275
13.26,225.412,231.233,228.3225
13.27,228.868,229.117,228.9925
13.28,227.939,228.45,228.1945
13.29,227.742,229.188,228.465
13.3,229.276,230.054,229.665
13.31,230.321,228.7,229.5105
13.32,227.645,229.474,228.5595
13.33,226.068,227.818,226.943
13.34,224.494,230.462,227.478
13.35,223.167,228.804,225.9855
13.36,226.651,228.057,227.354
13.37,226.071,223.958,225.0145
13.38,227.265,224.186,225.7255
13.39,224.911,228.834,226.8725
13.4,229.386,224.917,227.1515
13.41,228.048,225.012,226.53
13.42,226.889,226.109,226.499
13.43,225.858,222.022,223.94
13.44,225.157,226.432,225.7945
13.45,224.896,224.189,224.5425
13.46,227.277,220.023,223.65
13.47,227.144,225.937,226.5405
13.48,226.822,224.203,225.5125
13.49,220.804,225.778,223.291
13.5,229.382,224.307,226.8445
13.51,227.02,225.69,226.355
13.52,224.579,224.934,224.7565
13.53,225.204,225.258,225.231
13.54,223.893,222.536,223.2145
13.55,228.734,223.792,226.263
13.56,224.32,223.959,224.1395
13.57,228.345,223.071,225.708
13.58,230.276,224.371,227.3235
13.59,231.563,228.22,229.8915
13.6,225.501,218.669,222.085
13.61,228.902,224.852,226.877
13.62,232.272,224.747,228.5095
13.63,228.523,226.172,227.3475
13.64,225.226,226.025,225.6255
13.65,228.944,224.391,226.6675
13.66,230.88,227.436,229.158
13.67,230.204,228.357,229.2805
13.68,227.927,225.473,226.7
13.69,230.566,225.122,227.844
13.7,230.175,223.476,226.8255
13.71,228.647,226.752,227.6995
13.72,224.111,227.386,225.7485
13.73,230.905,226.213,228.559
13.74,228.09,225.825,226.9575
13.75,229.902,226.558,228.23
13.76,229.365,226.546,227.9555
13.77,224.534,226.586,225.56
13.78,228.562,223.401,225.9815
13.79,229.888,227.008,228.448
13.8,231.842,228.999,230.4205
13.81,231.302,226.817,229.0595
13.82,227.64,227.213,227.4265
13.83,225.42,224.812,225.116
13.84,227.463,221.452,224.4575
13.85,229.37,220.011,224.6905
13.86,226.552,224.088,225.32
13.87,227.779,223.813,225.796
13.88,230.681,225.438,228.0595
13.89,230.377,224.891,227.634
13.9,228.021,225.364,226.6925
13.91,227.532,224.492,226.012
13.92,226.574,223.263,224.9185
13.93,232.615,226.413,229.514
13.94,230.937,224.744,227.8405
13.95,225.325,225.99,225.6575
13.96,229.349,228.139,228.744
13.97,229.359,227.001,228.18
13.98,225.649,228.479,227.064
13.99,228.603,226.188,227.3955
14.0,227.398,226.312,226.855
14.01,227.469,226.092,226.7805
14.02,226.97,226.501,226.7355
14.03,227.896,225.207,226.5515
14.04,224.213,226.3,225.2565
14.05,227.931,222.645,225.288
14.06,227.265,224.401,225.833
14.07,227.068,226.991,227.0295
14.08,225.005,227.47,226.2375
14.09,224.098,227.967,226.0325
14.1,223.542,225.807,224.6745
14.11,225.565,225.872,225.7185
14.12,228.005,224.071,226.038
14.13,227.242,226.651,226.9465
14.14,229.514,226.135,227.8245
14.15,228.048,228.253,228.1505
14.16,226.081,223.979,225.03
14.17,228.035,226.733,227.384
14.18,229.093,226.85,227.9715
14.19,225.169,229.022,227.0955
14.2,228.668,228.745,228.7065
14.21,227.964,229.091,228.5275
14.22,228.262,225.475,226.8685
14.23,226.996,228.495,227.7455
14.24,227.705,225.021,226.363
14.25,231.627,225.047,228.337
14.26,228.506,227.448,227.977
14.27,226.575,225.228,225.9015
14.28,231.617,226.349,228.983
14.29,229.634,228.095,228.8645
14.3,228.797,225.69,227.2435
14.31,231.092,227.413,229.2525
14.32,226.424,225.375,225.8995
14.33,224.004,226.588,225.296
14.34,229.588,230.739,230.1635
14.35,230.108,225.494,227.801
14.36,228.353,225.922,227.1375
14.37,229.244,226.29,227.767
14.38,230.765,223.157,226.961
14.39,229.152,225.94,227.546
14.4,229.464,225.331,227.3975
14.41,228.896,224.371,226.6335
14.42,228.118,229.524,228.821
14.43,229.806,227.916,228.861
14.44,227.221,225.606,226.4135
14.45,230.373,225.682,228.0275
14.46,228.443,223.296,225.8695
14.47,227.944,227.908,227.926
14.48,228.291,224.817,226.554
14.49,225.733,225.745,225.739
14.5,230.155,226.209,228.182
14.51,228.834,226.122,227.478
14.52,232.47,225.356,228.913
14.53,234.307,226.531,230.419
14.54,231.822,224.295,228.0585
14.55,229.486,225.157,227.3215
14.56,230.898,223.765,227.3315
14.57,231.901,226.783,229.342
14.58,230.999,225.011,228.005
14.59,232.005,225.517,228.761
14.6,231.648,225.636,228.642
14.61,229.969,224.635,227.302
14.62,228.76,226.26,227.51
14.63,230.405,225.507,227.956
14.64,230.902,227.107,229.0045
14.65,230.355,230.096,230.2255
14.66,232.687,223.751,228.219
14.67,230.301,224.102,227.2015
14.68,228.537,226.494,227.5155
14.69,228.111,225.895,227.003
14.7,227.241,224.766,226.0035
14.71,228.206,227.784,227.995
14.72,227.343,226.35,226.8465
14.73,227.366,223.808,225.587
14.74,231.59,225.408,228.499
14.75,229.015,227.878,228.4465
14.76,226.683,222.647,224.665
14.77,229.825,226.469,228.147
14.78,231.587,226.683,229.135
14.79,226.943,223.572,225.2575
14.8,227.041,229.518,228.2795
14.81,229.561,227.118,228.3395
14.82,227.918,229.387,228.6525
14.83,229.327,226.481,227.904
14.84,227.307,224.352,225.8295
14.85,231.04,225.099,228.0695
14.86,230.776,227.458,229.117
14.87,231.682,225.733,228.7075
14.88,230.265,223.158,226.7115
14.89,229.81,226.231,228.0205
14.9,229.149,226.936,228.0425
14.91,228.493,229.42,228.9565
14.92,229.447,224.765,227.106
14.93,231.081,229.551,230.316
14.94,229.959,227.68,228.8195
14.95,228.881,227.66,228.2705
14.96,225.805,226.591,226.198
14.97,228.062,225.857,226.9595
14.98,228.24,223.284,225.762
14.99,229.039,222.539,225.789
15.0,230.251,223.287,226.769
15.01,225.493,221.656,223.5745
15.02,228.918,223.429,226.1735
15.03,229.679,220.797,225.238
15.04,227.644,223.455,225.5495
15.05,227.46,225.304,226.382
15.06,231.188,222.598,226.893
15.07,228.371,223.017,225.694
15.08,229.274,217.427,223.3505
15.09,230.637,220.72,225.6785
15.1,226.052,225.052,225.552
15.11,233.502,225.02,229.261
15.12,229.441,226.154,227.7975
15.13,230.88,225.508,228.194
15.14,232.361,222.5,227.4305
15.15,228.866,223.246,226.056
15.16,229.255,220.365,224.81
15.17,230.281,223.749,227.015
15.18,231.303,226.916,229.1095
15.19,229.225,222.018,225.6215
15.2,228.948,225.381,227.1645
15.21,230.9,224.947,227.9235
15.22,230.591,224.391,227.491
15.23,228.722,225.326,227.024
15.24,229.172,226.527,227.8495
15.25,228.184,230.13,229.157
15.26,228.142,228.219,228.1805
15.27,232.559,227.765,230.162
15.28,229.523,228.646,229.0845
15.29,231.191,226.146,228.6685
15.3,228.177,229.194,228.6855
15.31,231.887,229.679,230.783
15.32,230.956,228.737,229.8465
15.33,231.01,227.593,229.3015
15.34,229.528,230.869,230.1985
15.35,228.914,229.336,229.125
15.36,227.639,228.18,227.9095
15.37,232.602,226.826,229.714
15.38,226.848,229.926,228.387
15.39,231.43,229.363,230.3965
15.4,227.837,230.366,229.1015
15.41,229.087,226.594,227.8405
15.42,227.493,228.468,227.9805
15.43,228.588,230.431,229.5095
15.44,228.944,230.23,229.587
15.45,230.627,228.022,229.3245
15.46,226.642,230.967,228.8045
15.47,230.209,229.937,230.073
15.48,231.442,227.678,229.56
15.49,235.824,231.299,233.5615
15.5,232.727,231.329,232.028
15.51,227.934,229.66,228.797
15.52,230.135,229.073,229.604
15.53,231.607,227.939,229.773
15.54,231.292,229.426,230.359
15.55,230.943,228.984,229.9635
15.56,229.774,230.272,230.023
15.57,229.65,228.699,229.1745
15.58,229.7,228.007,228.8535
15.59,229.014,227.046,228.03
15.6,228.183,233.163,230.673
15.61,228.427,230.432,229.4295
15.62,229.363,228.884,229.1235
15.63,229.323,225.67,227.4965
15.64,227.373,228.939,228.156
15.65,227.312,226.023,226.6675
15.66,231.977,228.691,230.334
15.67,227.874,226.212,227.043
15.68,232.252,227.944,230.098
15.69,230.322,228.432,229.377
15.7,230.532,227.92,229.226
15.71,230.686,227.386,229.036
15.72,233.01,228.492,230.751
15.73,233.35,226.856,230.103
15.74,229.341,229.642,229.4915
15.75,230.448,227.204,228.826
15.76,231.131,227.702,229.4165
15.77,231.966,226.63,229.298
15.78,230.821,227.551,229.186
15.79,226.979,227.542,227.2605
15.8,232.637,227.588,230.1125
15.81,229.661,224.671,227.166
15.82,230.71,227.444,229.077
15.83,232.372,226.537,229.4545
15.84,230.829,223.454,227.1415
15.85,229.47,224.674,227.072
15.86,230.457,225.984,228.2205
15.87,233.504,226.361,229.9325
15.88,231.759,226.674,229.2165
15.89,228.997,225.568,227.2825
15.9,232.014,225.989,229.0015
15.91,228.764,225.1,226.932
15.92,232.243,226.777,229.51
15.93,231.864,228.908,230.386
15.94,229.315,223.712,226.5135
15.95,230.74,224.907,227.8235
15.96,230.957,225.752,228.3545
15.97,229.244,224.841,227.0425
15.98,233.476,223.258,228.367
15.99,229.381,224.996,227.1885
16.0,232.014,224.519,228.2665
16.01,229.346,225.986,227.666
16.02,228.702,225.547,227.1245
16.03,232.021,221.225,226.623
16.04,230.395,225.438,227.9165
16.05,227.913,226.787,227.35
16.06,229.775,225.671,227.723
16.07,233.072,227.989,230.5305
16.08,231.249,226.18,228.7145
16.09,231.342,223.674,227.508
16.1,233.767,229.156,231.4615
16.11,235.473,224.213,229.843
16.12,232.473,225.968,229.2205
16.13,234.087,227.536,230.8115
16.14,229.999,230.319,230.159
16.15,233.257,228.041,230.649
16.16,232.746,228.593,230.6695
16.17,230.971,229.783,230.377
16.18,230.927,225.686,228.3065
16.19,233.21,224.52,228.865
16.2,234.193,227.868,231.0305
16.21,230.305,227.544,228.9245
16.22,235.151,225.721,230.436
16.23,234.35,226.754,230.552
16.24,236.696,225.59,231.143
16.25,231.152,229.271,230.2115
16.26,233.329,227.631,230.48
16.27,235.939,225.3,230.6195
16.28,233.243,227.329,230.286
16.29,232.021,227.463,229.742
16.3,234.66,227.579,231.1195
16.31,234.218,226.056,230.137
16.32,233.58,226.868,230.224
16.33,233.767,228.539,231.153
16.34,231.523,225.795,228.659
16.35,232.414,230.384,231.399
16.36,228.386,226.751,227.5685
16.37,226.041,228.378,227.2095
16.38,232.019,228.275,230.147
16.39,230.495,228.534,229.5145
16.4,230.851,224.874,227.8625
16.41,229.553,226.402,227.9775
16.42,228.453,229.025,228.739
16.43,229.75,227.734,228.742
16.44,236.117,228.218,232.1675
16.45,234.245,228.006,231.1255
16.46,232.562,228.013,230.2875
16.47,232.197,229.618,230.9075
16.48,232.045,229.227,230.636
16.49,230.401,228.737,229.569
16.5,228.008,230.14,229.074
16.51,227.374,226.665,227.0195
16.52,232.222,224.341,228.2815
16.53,231.173,233.034,232.1035
16.54,232.79,229.452,231.121
16.55,230.708,227.967,229.3375
16.56,234.433,228.537,231.485
16.57,230.696,230.724,230.71
16.58,232.304,226.438,229.371
16.59,230.62,230.932,230.776
16.6,232.013,231.128,231.5705
16.61,233.176,226.763,229.9695
16.62,233.961,230.064,232.0125
16.63,233.398,233.454,233.426
16.64,230.648,227.974,229.311
16.65,235.146,226.615,230.8805
16.66,231.549,229.405,230.477
16.67,233.083,229.692,231.3875
16.68,231.788,231.093,231.4405
16.69,230.091,229.723,229.907
16.7,227.696,229.178,228.437
16.71,231.046,230.336,230.691
16.72,231.84,228.867,230.3535
16.73,231.389,230.618,231.0035
16.74,232.929,228.178,230.5535
16.75,231.512,229.743,230.6275
16.76,229.848,231.695,230.7715
16.77,230.07,228.444,229.257
16.78,226.609,233.559,230.084
16.79,228.329,231.792,230.0605
16.8,230.402,231.328,230.865
16.81,231.08,232.214,231.647
16.82,230.219,230.311,230.265
16.83,232.534,230.124,231.329
16.84,229.058,229.17,229.114
16.85,232.299,227.524,229.9115
16.86,232.772,227.988,230.38
16.87,229.548,229.641,229.5945
16.88,230.633,230.649,230.641
16.89,228.45,231.527,229.9885
16.9,228.282,228.051,228.1665
16.91,228.289,229.049,228.669
16.92,226.402,230.057,228.2295
16.93,228.551,233.949,231.25
16.94,230.111,231.077,230.594
16.95,232.274,228.605,230.4395
16.96,232.289,230.308,231.2985
16.97,232.335,228.729,230.532
16.98,231.573,226.968,229.2705
16.99,232.3,227.766,230.033
17.0,231.443,226.73,229.0865
17.01,232.311,228.63,230.4705
17.02,233.457,229.479,231.468
17.03,230.908,229.104,230.006
17.04,231.377,228.901,230.139
17.05,231.748,229.332,230.54
17.06,231.379,227.15,229.2645
17.07,231.403,221.078,226.2405
17.08,230.761,227.531,229.146
17.09,230.039,222.797,226.418
17.1,229.126,224.713,226.9195
17.11,231.379,220.379,225.879
17.12,232.924,223.687,228.3055
17.13,233.276,229.164,231.22
17.14,233.866,226.011,229.9385
17.15,233.758,226.546,230.152
17.16,229.381,226.804,228.0925
17.17,230.796,228.558,229.677
17.18,232.282,230.068,231.175
17.19,229.497,231.15,230.3235
17.2,230.463,228.284,229.3735
17.21,231.331,228.975,230.153
17.22,234.059,226.577,230.318
17.23,229.694,232.236,230.965
17.24,231.693,230.653,231.173
17.25,230.042,224.321,227.1815
17.26,228.938,227.131,228.0345
17.27,228.14,230.898,229.519
17.28,231.241,225.64,228.4405
17.29,231.326,229.401,230.3635
17.3,230.364,226.93,228.647
17.31,231.348,229.843,230.5955
17.32,231.433,231.604,231.5185
17.33,232.88,232.464,232.672
17.34,230.596,230.3,230.448
17.35,234.267,233.222,233.7445
17.36,233.062,230.432,231.747
17.37,231.044,228.505,229.7745
17.38,233.331,228.492,230.9115
17.39,233.152,233.737,233.4445
17.4,234.017,232.464,233.2405
17.41,232.253,231.674,231.9635
17.42,234.599,234.89,234.7445
17.43,233.732,229.009,231.3705
17.44,233.236,229.506,231.371
17.45,233.799,229.373,231.586
17.46,234.8,232.341,233.5705
17.47,233.415,233.384,233.3995
17.48,232.277,232.594,232.4355
17.49,229.5,236.029,232.7645
17.5,229.187,230.699,229.943
17.51,227.955,230.498,229.2265
17.52,231.932,232.462,232.197
17.53,231.099,231.419,231.259
17.54,231.677,230.274,230.9755
17.55,229.191,231.158,230.1745
17.56,230.809,232.429,231.619
17.57,230.227,230.1,230.1635
17.58,229.809,230.487,230.148
17.59,228.984,230.597,229.7905
17.6,229.816,231.187,230.5015
17.61,229.338,230.277,229.8075
17.62,230.376,229.476,229.926
17.63,230.694,233.73,232.212
17.64,232.761,228.02,230.3905
17.65,232.129,230.139,231.134
17.66,231.411,232.21,231.8105
17.67,228.274,229.122,228.698
17.68,233.739,228.609,231.174
17.69,233.172,227.899,230.5355
17.7,230.02,229.118,229.569
17.71,230.68,227.129,228.9045
17.72,227.798,228.668,228.233
17.73,231.893,225.301,228.597
17.74,229.58,231.951,230.7655
17.75,227.47,228.49,227.98
17.76,230.704,229.702,230.203
17.77,228.894,228.542,228.718
17.78,230.425,228.706,229.5655
17.79,230.184,228.885,229.5345
17.8,228.707,230.484,229.5955
17.81,231.475,229.858,230.6665
17.82,233.565,230.368,231.9665
17.83,232.497,227.635,230.066
17.84,228.39,226.968,227.679
17.85,230.13,229.415,229.7725
17.86,230.362,227.46,228.911
17.87,229.099,232.644,230.8715
17.88,231.577,230.349,230.963
17.89,234.305,231.161,232.733
17.9,232.622,226.781,229.7015
17.91,233.0,228.81,230.905
17.92,231.321,229.345,230.333
17.93,236.124,228.482,232.303
17.94,233.504,231.941,232.7225
17.95,234.031,229.936,231.9835
17.96,233.258,232.519,232.8885
17.97,234.519,230.057,232.288
17.98,230.726,231.379,231.0525
17.99,232.75,230.847,231.7985
18.0,233.281,229.334,231.3075
18.01,232.835,231.286,232.0605
18.02,231.448,229.765,230.6065
18.03,232.092,229.992,231.042
18.04,232.751,230.333,231.542
18.05,234.959,231.307,233.133
18.06,229.042,228.436,228.739
18.07,231.197,229.055,230.126
18.08,230.544,230.735,230.6395
18.09,226.833,228.711,227.772
18.1,230.136,230.545,230.3405
18.11,228.453,228.636,228.5445
18.12,229.759,228.254,229.0065
18.13,229.057,226.416,227.7365
18.14,232.114,229.816,230.965
18.15,233.109,231.412,232.2605
18.16,230.782,232.604,231.693
18.17,230.302,227.57,228.936
18.18,232.258,224.533,228.3955
18.19,231.617,230.418,231.0175
18.2,235.277,231.232,233.2545
18.21,235.511,226.19,230.8505
18.22,228.999,228.475,228.737
18.23,232.907,226.777,229.842
18.24,230.546,227.766,229.156
18.25,230.462,227.128,228.795
18.26,233.732,228.779,231.2555
18.27,228.661,227.388,228.0245
18.28,231.903,231.16,231.5315
18.29,227.036,230.236,228.636
18.3,228.9,233.303,231.1015
18.31,230.603,229.971,230.287
18.32,230.08,227.398,228.739
18.33,230.691,226.317,228.504
18.34,229.04,229.901,229.4705
18.35,230.0,231.101,230.5505
18.36,227.415,225.872,226.6435
18.37,226.279,228.189,227.234
18.38,231.354,225.832,228.593
18.39,231.203,227.252,229.2275
18.4,229.624,228.414,229.019
18.41,226.841,229.783,228.312
18.42,228.957,229.509,229.233
18.43,228.626,225.954,227.29
18.44,227.474,227.545,227.5095
18.45,230.053,230.706,230.3795
18.46,229.424,228.119,228.7715
18.47,231.267,227.439,229.353
18.48,231.047,230.098,230.5725
18.49,231.765,233.281,232.523
18.5,229.544,231.397,230.4705
18.51,228.851,236.679,232.765
18.52,228.366,228.669,228.5175
18.53,228.199,233.748,230.9735
18.54,226.657,232.751,229.704
18.55,230.143,235.219,232.681
18.56,225.258,236.212,230.735
18.57,227.447,232.559,230.003
18.58,225.664,233.314,229.489
18.59,230.907,230.238,230.5725
18.6,232.928,230.228,231.578
18.61,232.863,232.915,232.889
18.62,228.286,233.378,230.832
18.63,233.217,237.193,235.205
18.64,230.277,230.038,230.1575
18.65,227.026,230.86,228.943
18.66,228.903,233.791,231.347
18.67,227.946,232.739,230.3425
18.68,228.313,231.842,230.0775
18.69,230.957,234.308,232.6325
18.7,231.579,231.528,231.5535
18.71,229.768,229.729,229.7485
18.72,229.071,229.486,229.2785
18.73,229.525,232.937,231.231
18.74,230.853,235.614,233.2335
18.75,229.384,231.621,230.5025
18.76,230.083,232.669,231.376
18.77,228.725,233.701,231.213
18.78,230.703,230.42,230.5615
18.79,229.99,229.657,229.8235
18.8,234.265,231.791,233.028
18.81,230.291,231.956,231.1235
18.82,227.394,233.705,230.5495
18.83,232.685,227.187,229.936
18.84,231.366,228.718,230.042
18.85,233.222,229.312,231.267
18.86,236.738,229.26,232.999
18.87,234.175,230.314,232.2445
18.88,231.641,231.353,231.497
18.89,232.912,231.934,232.423
18.9,230.59,232.704,231.647
18.91,233.269,228.792,231.0305
18.92,235.351,231.548,233.4495
18.93,229.899,228.233,229.066
18.94,234.42,225.795,230.1075
18.95,234.588,228.099,231.3435
18.96,232.477,231.033,231.755
18.97,234.98,227.824,231.402
18.98,231.428,228.095,229.7615
18.99,233.958,230.549,232.2535
19.0,235.451,231.937,233.694
19.01,230.043,228.993,229.518
19.02,233.655,225.805,229.73
19.03,235.595,226.509,231.052
19.04,231.704,230.694,231.199
19.05,233.01,228.693,230.8515
19.06,232.05,230.527,231.2885
19.07,233.125,227.825,230.475
19.08,230.385,226.202,228.2935
19.09,231.377,231.927,231.652
19.1,229.984,228.37,229.177
19.11,230.729,229.479,230.104
19.12,233.434,226.387,229.9105
19.13,233.694,230.029,231.8615
19.14,231.082,228.744,229.913
19.15,230.954,227.05,229.002
19.16,229.884,225.705,227.7945
19.17,231.492,227.434,229.463
19.18,228.947,226.12,227.5335
19.19,231.201,229.22,230.2105
19.2,230.548,226.608,228.578
19.21,230.303,229.621,229.962
19.22,235.301,226.553,230.927
19.23,235.747,228.393,232.07
19.24,233.423,225.348,229.3855
19.25,230.876,226.677,228.7765
19.26,229.349,227.668,228.5085
19.27,230.26,226.022,228.141
19.28,228.204,226.85,227.527
19.29,231.038,227.881,229.4595
19.3,233.833,226.773,230.303
19.31,231.02,225.335,228.1775
19.32,230.653,226.483,228.568
19.33,232.975,229.895,231.435
19.34,228.118,225.815,226.9665
19.35,228.089,230.336,229.2125
19.36,233.112,227.569,230.3405
19.37,233.237,225.94,229.5885
19.38,232.02,230.707,231.3635
19.39,232.559,228.007,230.283
19.4,234.705,229.205,231.955
19.41,229.851,232.277,231.064
19.42,227.676,229.566,228.621
19.43,230.267,228.003,229.135
19.44,231.194,227.004,229.099
19.45,233.928,231.579,232.7535
19.46,230.181,227.696,228.9385
19.47,233.856,230.201,232.0285
19.48,231.942,232.793,232.3675
19.49,229.416,231.123,230.2695
19.5,229.19,232.829,231.0095
19.51,231.501,230.167,230.834
19.52,228.417,230.443,229.43
19.53,232.326,231.453,231.8895
19.54,230.196,230.581,230.3885
19.55,226.169,234.803,230.486
19.56,231.401,229.352,230.3765
19.57,230.903,230.709,230.806
19.58,226.898,228.458,227.678
19.59,230.884,231.641,231.2625
19.6,231.593,231.646,231.6195
19.61,230.024,231.384,230.704
19.62,233.793,232.086,232.9395
19.63,231.889,229.533,230.711
19.64,233.838,230.479,232.1585
19.65,230.29,230.34,230.315
19.66,229.846,232.34,231.093
19.67,231.92,228.472,230.196
19.68,232.073,232.401,232.237
19.69,234.526,234.392,234.459
19.7,230.225,232.954,231.5895
19.71,232.485,231.48,231.9825
19.72,233.075,231.915,232.495
19.73,228.203,230.352,229.2775
19.74,228.037,231.226,229.6315
19.75,229.592,227.479,228.5355
19.76,231.001,230.212,230.6065
19.77,229.793,232.915,231.354
19.78,231.392,231.555,231.4735
19.79,232.786,229.977,231.3815
19.8,233.279,230.127,231.703
19.81,228.81,230.815,229.8125
19.82,227.697,230.07,228.8835
19.83,228.127,230.36,229.2435
19.84,230.329,229.666,229.9975
19.85,228.696,230.635,229.6655
19.86,229.716,232.133,230.9245
19.87,229.424,233.298,231.361
19.88,228.964,232.269,230.6165
19.89,228.521,233.985,231.253
19.9,228.284,228.868,228.576
19.91,228.851,233.339,231.095
19.92,231.869,231.635,231.752
19.93,231.141,234.303,232.722
19.94,227.747,232.798,230.2725
19.95,230.423,231.014,230.7185
19.96,232.074,229.608,230.841
19.97,228.455,230.442,229.4485
19.98,232.326,230.06,231.193
19.99,231.728,233.124,232.426
20.0,230.977,231.742,231.3595
20.01,227.484,230.021,228.7525
20.02,225.416,232.436,228.926
20.03,227.679,232.645,230.162
20.04,228.458,229.567,229.0125
20.05,229.48,232.784,231.132
20.06,228.286,232.955,230.6205
20.07,226.094,230.369,228.2315
20.08,231.516,231.341,231.4285
20.09,231.35,232.246,231.798
20.1,230.85,232.158,231.504
20.11,228.019,231.586,229.8025
20.12,228.142,229.572,228.857
20.13,227.34,233.551,230.4455
20.14,230.735,231.896,231.3155
20.15,228.95,231.047,229.9985
20.16,231.547,230.359,230.953
20.17,230.695,229.275,229.985
20.18,231.352,226.687,229.0195
20.19,228.374,228.826,228.6
20.2,231.282,228.443,229.8625
20.21,234.053,225.266,229.6595
20.22,232.244,222.131,227.1875
20.23,233.803,225.14,229.4715
20.24,227.953,226.655,227.304
20.25,228.167,224.872,226.5195
20.26,232.347,225.907,229.127
20.27,231.52,223.68,227.6
20.28,230.071,227.306,228.6885
20.29,232.214,227.864,230.039
20.3,229.991,229.829,229.91
20.31,228.792,226.101,227.4465
20.32,230.918,232.093,231.5055
20.33,231.53,227.567,229.5485
20.34,229.07,230.829,229.9495
20.35,231.779,229.85,230.8145
20.36,232.167,227.977,230.072
20.37,226.199,226.799,226.499
20.38,228.868,228.644,228.756
20.39,230.14,225.919,228.0295
20.4,229.801,231.618,230.7095
20.41,230.547,234.348,232.4475
20.42,230.192,227.123,228.6575
20.43,228.315,230.923,229.619
20.44,229.032,226.166,227.599
20.45,228.437,227.987,228.212
20.46,225.621,224.742,225.1815
20.47,230.404,228.463,229.4335
20.48,229.251,231.02,230.1355
20.49,229.442,224.886,227.164
20.5,232.337,229.025,230.681
20.51,231.075,228.421,229.748
20.52,230.714,225.748,228.231
20.53,231.646,230.062,230.854
20.54,227.936,227.916,227.926
20.55,230.616,224.566,227.591
20.56,227.388,228.432,227.91
20.57,228.438,228.288,228.363
20.58,230.642,226.456,228.549
20.59,232.551,226.766,229.6585
20.6,232.204,222.982,227.593
20.61,231.577,228.324,229.9505
20.62,233.025,226.37,229.6975
20.63,231.373,225.875,228.624
20.64,232.131,227.455,229.793
20.65,230.078,230.703,230.3905
20.66,229.984,226.622,228.303
20.67,230.165,227.249,228.707
20.68,230.848,228.19,229.519
20.69,232.077,228.552,230.3145
20.7,232.142,226.772,229.457
20.71,232.523,225.055,228.789
20.72,232.942,228.235,230.5885
20.73,237.463,230.866,234.1645
20.74,233.991,231.759,232.875
20.75,233.849,228.77,231.3095
20.76,233.826,231.742,232.784
20.77,234.453,231.902,233.1775
20.78,235.503,232.476,233.9895
20.79,233.172,230.132,231.652
20.8,233.015,230.653,231.834
20.81,231.979,232.25,232.1145
20.82,232.816,230.465,231.6405
20.83,233.588,232.662,233.125
20.84,230.976,228.889,229.9325
20.85,231.386,231.227,231.3065
20.86,230.088,232.835,231.4615
20.87,230.266,233.923,232.0945
20.88,233.253,231.673,232.463
20.89,229.134,229.056,229.095
20.9,230.053,230.454,230.2535
20.91,229.871,227.83,228.8505
20.92,229.348,228.025,228.6865
20.93,232.369,228.572,230.4705
20.94,232.476,230.515,231.4955
20.95,233.791,229.357,231.574
20.96,233.154,226.535,229.8445
20.97,232.636,231.185,231.9105
20.98,231.231,232.339,231.785
20.99,230.121,230.905,230.513
21.0,233.49,225.972,229.731
21.01,234.856,228.783,231.8195
21.02,233.006,227.863,230.4345
21.03,233.488,224.574,229.031
21.04,231.849,227.211,229.53
21.05,233.843,227.664,230.7535
21.06,231.178,229.095,230.1365
21.07,233.868,221.464,227.666
21.08,233.917,227.831,230.874
21.09,232.773,226.024,229.3985
21.1,233.255,226.681,229.968
21.11,234.596,228.187,231.3915
21.12,230.195,221.362,225.7785
21.13,231.918,229.778,230.848
21.14,231.599,227.271,229.435
21.15,227.694,227.302,227.498
21.16,232.386,227.157,229.7715
21.17,230.669,228.912,229.7905
21.18,232.147,225.073,228.61
21.19,231.277,227.128,229.2025
21.2,232.46,223.472,227.966
21.21,231.768,223.584,227.676
21.22,230.944,223.888,227.416
21.23,231.52,226.71,229.115
21.24,230.224,228.629,229.4265
21.25,231.091,226.545,228.818
21.26,229.955,224.715,227.335
21.27,228.579,227.346,227.9625
21.28,232.617,227.029,229.823
21.29,231.252,225.477,228.3645
21.3,230.41,221.063,225.7365
21.31,230.899,222.461,226.68
21.32,230.07,222.398,226.234
21.33,234.206,225.489,229.8475
21.34,230.098,224.767,227.4325
21.35,234.447,224.573,229.51
21.36,231.637,225.293,228.465
21.37,234.704,222.699,228.7015
21.38,232.634,229.863,231.2485
21.39,233.151,227.417,230.284
21.4,235.251,229.02,232.1355
21.41,234.108,230.596,232.352
21.42,231.826,225.755,228.7905
21.43,230.023,227.632,228.8275
21.44,233.326,228.244,230.785
21.45,231.761,229.332,230.5465
21.46,230.659,228.34,229.4995
21.47,231.423,228.033,229.728
21.48,231.358,225.542,228.45
21.49,229.74,227.726,228.733
21.5,233.179,226.238,229.7085
21.51,231.088,227.559,229.3235
21.52,234.152,230.3,232.226
21.53,232.978,228.795,230.8865
21.54,234.723,232.937,233.83
21.55,230.734,230.876,230.805
21.56,232.945,229.435,231.19
21.57,231.574,227.529,229.5515
21.58,232.415,225.833,229.124
21.59,233.704,223.893,228.7985
21.6,235.812,225.694,230.753
21.61,234.861,227.934,231.3975
21.62,234.732,227.971,231.3515
21.63,233.468,229.127,231.2975
21.64,232.193,226.862,229.5275
21.65,232.735,224.492,228.6135
21.66,231.567,226.985,229.276
21.67,235.918,226.955,231.4365
21.68,233.626,229.482,231.554
21.69,232.186,227.654,229.92
21.7,231.067,224.676,227.8715
21.71,231.925,226.472,229.1985
21.72,234.09,226.028,230.059
21.73,231.158,225.622,228.39
21.74,230.757,226.965,228.861
21.75,232.621,230.356,231.4885
21.76,233.305,230.921,232.113
21.77,235.458,226.318,230.888
21.78,232.379,224.577,228.478
21.79,234.799,224.183,229.491
21.8,235.979,226.166,231.0725
21.81,236.203,223.642,229.9225
21.82,234.554,227.027,230.7905
21.83,232.37,227.284,229.827
21.84,233.074,228.945,231.0095
21.85,232.001,226.055,229.028
21.86,235.763,227.374,231.5685
21.87,233.01,226.51,229.76
21.88,233.722,229.068,231.395
21.89,234.832,227.107,230.9695
21.9,233.445,226.372,229.9085
21.91,234.728,226.591,230.6595
21.92,232.765,226.791,229.778
21.93,234.729,226.542,230.6355
21.94,233.514,226.248,229.881
21.95,231.322,224.676,227.999
21.96,232.355,224.181,228.268
21.97,234.919,225.992,230.4555
21.98,233.915,227.278,230.5965
21.99,235.15,226.286,230.718
22.0,231.679,226.459,229.069
22.01,231.756,226.589,229.1725
22.02,231.247,230.256,230.7515
22.03,230.646,225.421,228.0335
22.04,232.004,227.639,229.8215
22.05,232.837,228.696,230.7665
22.06,234.077,225.072,229.5745
22.07,232.497,230.828,231.6625
22.08,235.337,226.59,230.9635
22.09,231.491,226.738,229.1145
22.1,232.376,226.775,229.5755
22.11,235.16,227.481,231.3205
22.12,233.124,228.352,230.738
22.13,230.966,228.815,229.8905
22.14,230.479,229.352,229.9155
22.15,235.921,226.15,231.0355
22.16,235.249,226.258,230.7535
22.17,235.962,226.575,231.2685
22.18,236.791,229.451,233.121
22.19,233.323,225.976,229.6495
22.2,231.963,227.302,229.6325
22.21,232.916,228.157,230.5365
22.22,232.614,228.55,230.582
22.23,230.869,227.709,229.289
22.24,234.159,229.01,231.5845
22.25,234.246,224.075,229.1605
22.26,231.301,221.363,226.332
22.27,233.315,221.36,227.3375
22.28,232.369,221.441,226.905
22.29,232.12,224.679,228.3995
22.3,232.695,223.77,228.2325
22.31,232.615,222.342,227.4785
22.32,233.736,226.725,230.2305
22.33,235.161,223.786,229.4735
22.34,234.628,225.754,230.191
22.35,231.596,222.974,227.285
22.36,233.514,221.535,227.5245
22.37,232.295,223.576,227.9355
22.38,233.268,226.044,229.656
22.39,232.61,224.553,228.5815
22.4,233.137,223.462,228.2995
22.41,234.054,223.118,228.586
22.42,233.258,221.257,227.2575
22.43,236.675,223.806,230.2405
22.44,234.966,228.565,231.7655
22.45,235.126,224.321,229.7235
22.46,235.371,223.618,229.4945
22.47,232.106,225.088,228.597
22.48,235.747,225.532,230.6395
22.49,236.8,225.003,230.9015
22.5,233.458,222.856,228.157
22.51,236.577,222.908,229.7425
22.52,233.805,223.058,228.4315
22.53,235.752,222.468,229.11
22.54,234.525,222.818,228.6715
22.55,232.686,221.497,227.0915
22.56,232.911,225.457,229.184
22.57,233.335,225.256,229.2955
22.58,234.419,222.414,228.4165
22.59,233.171,227.681,230.426
22.6,233.908,224.715,229.3115
22.61,235.138,226.028,230.583
22.62,233.824,223.547,228.6855
22.63,232.445,224.208,228.3265
22.64,231.558,225.79,228.674
22.65,230.944,230.359,230.6515
22.66,231.24,230.607,230.9235
22.67,229.122,228.768,228.945
22.68,230.737,222.527,226.632
22.69,232.168,224.414,228.291
22.7,229.986,224.962,227.474
22.71,232.69,224.264,228.477
22.72,225.158,226.37,225.764
22.73,229.838,225.121,227.4795
22.74,234.374,225.884,230.129
22.75,231.809,228.83,230.3195
22.76,233.125,229.835,231.48
22.77,229.374,228.488,228.931
22.78,230.12,227.882,229.001
22.79,230.54,227.653,229.0965
22.8,230.228,226.547,228.3875
22.81,231.431,225.582,228.5065
22.82,233.437,222.514,227.9755
22.83,231.867,225.407,228.637
22.84,231.292,225.458,228.375
22.85,234.426,221.704,228.065
22.86,230.853,226.385,228.619
22.87,233.865,224.716,229.2905
22.88,230.325,224.386,227.3555
22.89,233.011,224.004,228.5075
22.9,232.363,224.795,228.579
22.91,230.967,223.286,227.1265
22.92,231.348,223.669,227.5085
22.93,233.947,223.515,228.731
22.94,231.067,221.999,226.533
22.95,234.846,225.439,230.1425
22.96,231.903,227.599,229.751
22.97,230.939,229.357,230.148
22.98,231.572,231.508,231.54
22.99,230.464,232.029,231.2465
23.0,233.007,227.477,230.242
23.01,231.726,226.745,229.2355
23.02,230.828,225.684,228.256
23.03,230.765,228.162,229.4635
23.04,235.789,225.48,230.6345
23.05,233.082,225.413,229.2475
23.06,235.335,227.179,231.257
23.07,233.574,225.268,229.421
23.08,233.157,221.795,227.476
23.09,231.826,228.096,229.961
23.1,232.776,225.409,229.0925
23.11,233.617,229.85,231.7335
23.12,234.547,228.458,231.5025
23.13,230.65,228.308,229.479
23.14,231.538,225.384,228.461
23.15,231.635,227.863,229.749
23.16,232.929,223.034,227.9815
23.17,231.611,230.691,231.151
23.18,231.993,228.843,230.418
23.19,234.422,227.047,230.7345
23.2,228.679,228.588,228.6335
23.21,232.201,227.455,229.828
23.22,231.993,227.146,229.5695
23.23,230.493,225.901,228.197
23.24,234.811,225.063,229.937
23.25,234.457,227.463,230.96
23.26,235.727,225.345,230.536
23.27,235.818,225.761,230.7895
23.28,232.897,227.113,230.005
23.29,229.448,229.774,229.611
23.3,230.61,226.86,228.735
23.31,231.433,228.658,230.0455
23.32,227.389,228.429,227.909
23.33,229.732,225.351,227.5415
23.34,229.119,226.803,227.961
23.35,228.288,226.273,227.2805
23.36,227.702,230.738,229.22
23.37,227.4,227.979,227.6895
23.38,227.205,225.222,226.2135
23.39,227.005,225.442,226.2235
23.4,226.486,227.909,227.1975
23.41,228.293,225.772,227.0325
23.42,229.579,225.412,227.4955
23.43,230.2,225.481,227.8405
23.44,230.884,228.394,229.639
23.45,229.266,225.156,227.211
23.46,230.399,227.459,228.929
23.47,227.193,226.8,226.9965
23.48,224.469,227.049,225.759
23.49,229.879,227.584,228.7315
23.5,231.181,225.989,228.585
23.51,229.597,226.617,228.107
23.52,232.185,227.442,229.8135
23.53,228.945,222.786,225.8655
23.54,231.703,227.082,229.3925
23.55,231.9,223.265,227.5825
23.56,232.097,225.112,228.6045
23.57,232.538,226.596,229.567
23.58,234.121,225.687,229.904
23.59,234.569,228.933,231.751
23.6,236.714,227.685,232.1995
23.61,234.048,225.191,229.6195
23.62,233.017,224.792,228.9045
23.63,232.78,222.667,227.7235
23.64,229.345,225.298,227.3215
23.65,232.275,223.999,228.137
23.66,230.259,229.187,229.723
23.67,234.018,228.334,231.176
23.68,230.473,226.361,228.417
23.69,231.849,224.742,228.2955
23.7,231.171,225.718,228.4445
23.71,230.69,227.437,229.0635
23.72,231.96,224.59,228.275
23.73,228.388,227.365,227.8765
23.74,228.359,226.934,227.6465
23.75,232.59,224.802,228.696
23.76,229.803,222.153,225.978
23.77,232.483,228.215,230.349
23.78,231.601,226.968,229.2845
23.79,227.412,228.64,228.026
23.8,233.958,227.946,230.952
23.81,233.773,224.854,229.3135
23.82,233.175,226.456,229.8155
23.83,229.758,229.181,229.4695
23.84,229.878,230.297,230.0875
23.85,229.64,229.868,229.754
23.86,231.869,226.462,229.1655
23.87,231.733,231.537,231.635
23.88,232.289,226.155,229.222
23.89,231.723,225.422,228.5725
23.9,230.005,230.951,230.478
23.91,229.063,228.807,228.935
23.92,230.657,226.924,228.7905
23.93,232.478,227.134,229.806
23.94,228.974,229.202,229.088
23.95,232.247,227.013,229.63
23.96,233.21,228.478,230.844
23.97,231.837,224.287,228.062
23.98,231.482,231.799,231.6405
23.99,233.943,227.805,230.874
24.0,228.029,229.552,228.7905
24.01,231.207,229.636,230.4215
24.02,233.69,228.253,230.9715
24.03,234.257,223.758,229.0075
24.04,230.217,225.543,227.88
24.05,230.751,225.436,228.0935
24.06,230.165,227.233,228.699
24.07,236.649,228.177,232.413
24.08,234.22,225.885,230.0525
24.09,232.632,227.131,229.8815
24.1,232.359,226.956,229.6575
24.11,233.926,228.188,231.057
24.12,236.262,228.542,232.402
24.13,234.285,231.315,232.8
24.14,234.65,226.559,230.6045
24.15,236.025,223.652,229.8385
24.16,237.781,224.405,231.093
24.17,232.488,227.301,229.8945
24.18,232.818,222.358,227.588
24.19,233.754,224.411,229.0825
24.2,233.323,224.047,228.685
24.21,235.165,222.41,228.7875
24.22,232.802,223.822,228.312
24.23,231.945,228.743,230.344
24.24,233.868,226.562,230.215
24.25,231.998,222.543,227.2705
24.26,232.129,224.523,228.326
24.27,234.7,226.108,230.404
24.28,233.493,229.09,231.2915
24.29,232.632,226.506,229.569
24.3,230.992,227.189,229.0905
24.31,234.023,226.027,230.025
24.32,231.732,223.322,227.527
24.33,234.654,226.987,230.8205
24.34,235.688,223.587,229.6375
24.35,236.47,225.776,231.123
24.36,233.827,226.677,230.252
24.37,233.827,226.988,230.4075
24.38,231.637,227.672,229.6545
24.39,230.401,229.42,229.9105
24.4,229.449,226.4,227.9245
24.41,230.419,227.987,229.203
24.42,229.16,228.486,228.823
24.43,230.582,226.114,228.348
24.44,232.109,227.638,229.8735
24.45,231.207,229.316,230.2615
24.46,233.84,229.792,231.816
24.47,230.694,231.432,231.063
24.48,234.804,234.847,234.8255
24.49,234.416,228.064,231.24
24.5,232.123,228.913,230.518
24.51,234.417,229.808,232.1125
24.52,236.016,230.802,233.409
24.53,234.22,228.564,231.392
24.54,231.671,228.308,229.9895
24.55,231.38,229.074,230.227
24.56,235.834,227.147,231.4905
24.57,231.427,226.421,228.924
24.58,233.288,227.309,230.2985
24.59,235.092,232.038,233.565
24.6,229.098,227.117,228.1075
24.61,230.785,231.316,231.0505
24.62,233.518,228.919,231.2185
24.63,235.057,223.051,229.054
24.64,234.512,225.149,229.8305
24.65,232.294,225.208,228.751
24.66,229.902,227.806,228.854
24.67,230.748,226.32,228.534
24.68,234.996,228.587,231.7915
24.69,235.267,228.804,232.0355
24.7,234.7,226.129,230.4145
24.71,229.969,227.516,228.7425
24.72,230.188,226.737,228.4625
24.73,234.035,226.219,230.127
24.74,232.574,225.272,228.923
24.75,232.133,225.574,228.8535
24.76,231.873,227.9,229.8865
24.77,232.807,224.5,228.6535
24.78,232.572,227.886,230.229
24.79,229.384,227.766,228.575
24.8,231.407,224.832,228.1195
24.81,230.761,225.877,228.319
24.82,230.556,225.282,227.919
24.83,231.259,226.317,228.788
24.84,234.206,227.906,231.056
24.85,231.666,228.476,230.071
24.86,233.701,228.669,231.185
24.87,234.396,229.526,231.961
24.88,234.009,229.141,231.575
24.89,234.669,225.728,230.1985
24.9,234.61,229.846,232.228
24.91,234.24,228.643,231.4415
24.92,234.438,227.319,230.8785
24.93,236.974,227.759,232.3665
24.94,236.272,231.226,233.749
24.95,236.816,224.969,230.8925
24.96,231.652,230.296,230.974
24.97,233.356,229.068,231.212
24.98,231.741,227.819,229.78
24.99,231.924,230.122,231.023
25.0,235.664,229.63,232.647
25.01,233.578,229.427,231.5025
25.02,233.246,225.578,229.412
25.03,231.658,226.46,229.059
25.04,235.015,227.643,231.329
25.05,233.027,229.688,231.3575
25.06,234.827,227.982,231.4045
25.07,233.849,227.788,230.8185
25.08,234.37,229.892,232.131
25.09,235.544,232.152,233.848
25.1,233.339,225.923,229.631
25.11,231.739,229.326,230.5325
25.12,232.873,227.494,230.1835
25.13,231.088,226.956,229.022
25.14,229.161,226.393,227.777
25.15,230.904,226.1,228.502
25.16,232.327,227.232,229.7795
25.17,229.303,228.423,228.863
25.18,230.145,226.224,228.1845
25.19,228.731,227.506,228.1185
25.2,228.107,226.754,227.4305
25.21,229.971,225.6,227.7855
25.22,231.782,230.019,230.9005
25.23,229.673,230.168,229.9205
25.24,233.124,228.795,230.9595
25.25,231.903,226.202,229.0525
25.26,232.244,225.521,228.8825
25.27,231.508,224.415,227.9615
25.28,233.703,225.451,229.577
25.29,233.514,226.902,230.208
25.3,227.95,228.204,228.077
25.31,233.011,226.255,229.633
25.32,227.731,231.112,229.4215
25.33,232.612,226.12,229.366
25.34,232.191,224.049,228.12
25.35,232.975,223.57,228.2725
25.36,233.712,227.729,230.7205
25.37,228.221,225.624,226.9225
25.38,230.517,225.613,228.065
25.39,228.55,225.666,227.108
25.4,226.677,225.112,225.8945
25.41,232.082,225.35,228.716
25.42,231.618,223.418,227.518
25.43,232.57,226.243,229.4065
25.44,226.163,224.841,225.502
25.45,230.719,223.541,227.13
25.46,231.393,222.967,227.18
25.47,228.881,227.196,228.0385
25.48,228.306,226.508,227.407
25.49,229.176,229.509,229.3425
25.5,228.041,226.854,227.4475
25.51,229.03,223.196,226.113
25.52,226.578,224.229,225.4035
25.53,229.124,223.591,226.3575
25.54,226.519,227.053,226.786
25.55,230.492,225.053,227.7725
25.56,228.505,226.867,227.686
25.57,227.561,225.104,226.3325
25.58,228.475,227.254,227.8645
25.59,226.221,226.04,226.1305
25.6,227.361,226.775,227.068
25.61,228.239,224.994,226.6165
25.62,232.575,224.629,228.602
25.63,233.009,227.059,230.034
25.64,229.67,222.007,225.8385
25.65,228.852,226.942,227.897
25.66,227.575,230.026,228.8005
25.67,227.825,229.062,228.4435
25.68,231.083,229.38,230.2315
25.69,230.744,225.692,228.218
25.7,228.147,230.055,229.101
25.71,230.728,227.617,229.1725
25.72,226.532,224.992,225.762
25.73,231.038,224.984,228.011
25.74,231.375,227.568,229.4715
25.75,232.124,223.053,227.5885
25.76,230.183,221.992,226.0875
25.77,228.954,227.059,228.0065
25.78,227.094,224.823,225.9585
25.79,227.681,224.167,225.924
25.8,228.428,226.097,227.2625
25.81,232.545,227.089,229.817
25.82,228.063,228.007,228.035
25.83,232.175,225.081,228.628
25.84,231.823,223.129,227.476
25.85,231.705,222.779,227.242
25.86,233.357,226.313,229.835
25.87,227.725,226.575,227.15
25.88,231.247,223.68,227.4635
25.89,229.378,225.809,227.5935
25.9,229.54,221.259,225.3995
25.91,229.278,224.711,226.9945
25.92,230.023,224.848,227.4355
25.93,229.0,226.56,227.78
25.94,229.109,226.311,227.71
25.95,228.828,223.419,226.1235
25.96,228.581,223.391,225.986
25.97,229.096,224.437,226.7665
25.98,232.238,222.519,227.3785
25.99,231.04,217.495,224.2675
26.0,233.046,224.811,228.9285
26.01,229.774,224.117,226.9455
26.02,226.822,223.969,225.3955
26.03,225.416,224.961,225.1885
26.04,229.178,219.884,224.531
26.05,226.076,225.153,225.6145
26.06,229.091,224.148,226.6195
26.07,230.725,221.411,226.068
26.08,227.302,223.739,225.5205
26.09,228.403,224.097,226.25
26.1,228.589,223.555,226.072
26.11,233.132,222.062,227.597
26.12,229.03,220.746,224.888
26.13,229.839,222.242,226.0405
26.14,228.997,225.174,227.0855
26.15,230.236,220.311,225.2735
26.16,231.99,221.48,226.735
26.17,226.98,224.686,225.833
26.18,228.424,221.722,225.073
26.19,228.171,223.495,225.833
26.2,227.592,222.818,225.205
26.21,227.481,227.485,227.483
26.22,227.857,224.853,226.355
26.23,227.626,223.974,225.8
26.24,232.198,225.197,228.6975
26.25,229.276,224.699,226.9875
26.26,231.431,226.785,229.108
26.27,230.84,222.705,226.7725
26.28,231.909,225.134,228.5215
26.29,229.286,226.518,227.902
26.3,231.064,224.084,227.574
26.31,228.12,220.978,224.549
26.32,227.75,224.65,226.2
26.33,228.974,221.846,225.41
26.34,228.587,223.162,225.8745
26.35,227.77,224.616,226.193
26.36,229.392,225.418,227.405
26.37,230.591,226.532,228.5615
26.38,232.151,226.009,229.08
26.39,233.195,222.313,227.754
26.4,230.67,222.717,226.6935
26.41,229.607,222.326,225.9665
26.42,229.089,226.179,227.634
26.43,229.048,223.487,226.2675
26.44,229.52,224.501,227.0105
26.45,228.486,225.322,226.904
26.46,228.824,220.897,224.8605
26.47,227.677,224.601,226.139
26.48,231.0,225.535,228.2675
26.49,228.526,225.053,226.7895
26.5,226.631,227.419,227.025
26.51,228.313,225.503,226.908
26.52,227.95,224.632,226.291
26.53,229.916,224.607,227.2615
26.54,225.755,222.398,224.0765
26.55,228.292,220.48,224.386
26.56,226.969,227.782,227.3755
26.57,226.106,224.953,225.5295
26.58,230.042,225.137,227.5895
26.59,226.343,225.624,225.9835
26.6,227.801,223.316,225.5585
26.61,226.434,229.238,227.836
26.62,228.715,221.569,225.142
26.63,228.861,226.014,227.4375
26.64,228.822,226.361,227.5915
26.65,228.649,226.265,227.457
26.66,228.215,225.923,227.069
26.67,229.452,226.951,228.2015
26.68,228.46,227.896,228.178
26.69,232.353,230.387,231.37
26.7,227.464,226.767,227.1155
26.71,227.411,227.123,227.267
26.72,225.814,228.997,227.4055
26.73,227.414,223.807,225.6105
26.74,229.054,224.422,226.738
26.75,224.801,227.269,226.035
26.76,228.512,223.545,226.0285
26.77,225.997,225.012,225.5045
26.78,223.505,223.845,223.675
26.79,223.015,225.095,224.055
26.8,232.165,225.224,228.6945
26.81,227.472,224.066,225.769
26.82,228.165,223.255,225.71
26.83,230.7,222.002,226.351
26.84,230.894,226.56,228.727
26.85,227.18,224.722,225.951
26.86,229.784,225.898,227.841
26.87,227.839,226.727,227.283
26.88,226.73,226.163,226.4465
26.89,227.814,230.315,229.0645
26.9,227.108,228.15,227.629
26.91,226.963,225.182,226.0725
26.92,225.134,224.957,225.0455
26.93,225.64,225.96,225.8
26.94,228.165,227.805,227.985
26.95,226.94,224.703,225.8215
26.96,225.658,224.8,225.229
26.97,223.096,225.923,224.5095
26.98,223.888,227.21,225.549
26.99,224.68,224.383,224.5315
27.0,227.444,227.738,227.591
27.01,224.796,226.728,225.762
27.02,226.914,222.992,224.953
27.03,228.256,226.014,227.135
27.04,225.238,223.609,224.4235
27.05,229.168,225.993,227.5805
27.06,228.534,221.565,225.0495
27.07,228.578,225.125,226.8515
27.08,231.411,223.323,227.367
27.09,230.67,225.283,227.9765
27.1,230.919,224.245,227.582
27.11,227.345,225.228,226.2865
27.12,227.776,225.848,226.812
27.13,227.849,225.306,226.5775
27.14,227.818,224.45,226.134
27.15,226.588,221.118,223.853
27.16,228.129,225.465,226.797
27.17,231.174,225.765,228.4695
27.18,227.345,225.587,226.466
27.19,228.481,229.853,229.167
27.2,227.088,226.66,226.874
27.21,229.535,227.493,228.514
27.22,228.826,226.786,227.806
27.23,226.036,225.236,225.636
27.24,230.738,223.615,227.1765
27.25,229.922,224.123,227.0225
27.26,227.983,227.287,227.635
27.27,229.243,223.8,226.5215
27.28,226.281,225.464,225.8725
27.29,228.347,227.753,228.05
27.3,229.905,225.393,227.649
27.31,229.226,225.104,227.165
27.32,228.568,225.811,227.1895
27.33,230.604,223.26,226.932
27.34,222.666,227.971,225.3185
27.35,230.541,231.699,231.12
27.36,228.32,225.221,226.7705
27.37,227.944,228.644,228.294
27.38,229.662,228.091,228.8765
27.39,229.01,226.538,227.774
27.4,229.846,224.961,227.4035
27.41,229.311,225.411,227.361
27.42,227.402,227.083,227.2425
27.43,229.301,225.475,227.388
27.44,226.31,226.555,226.4325
27.45,228.13,226.432,227.281
27.46,228.664,229.901,229.2825
27.47,227.58,229.199,228.3895
27.48,227.493,225.794,226.6435
27.49,224.962,228.198,226.58
27.5,229.074,228.468,228.771
27.51,227.608,223.327,225.4675
27.52,229.719,223.9,226.8095
27.53,227.226,223.784,225.505
27.54,231.135,226.536,228.8355
27.55,231.066,225.659,228.3625
27.56,227.36,224.636,225.998
27.57,230.803,230.888,230.8455
27.58,231.348,223.887,227.6175
27.59,230.697,225.835,228.266
27.6,229.67,225.411,227.5405
27.61,224.377,226.362,225.3695
27.62,226.793,224.732,225.7625
27.63,228.251,226.573,227.412
27.64,227.978,227.247,227.6125
27.65,230.2,224.675,227.4375
27.66,225.605,227.011,226.308
27.67,227.059,225.876,226.4675
27.68,227.691,228.921,228.306
27.69,230.128,229.273,229.7005
27.7,228.686,225.498,227.092
27.71,230.561,227.039,228.8
27.72,230.433,224.778,227.6055
27.73,230.173,227.164,228.6685
27.74,228.046,225.75,226.898
27.75,230.444,226.278,228.361
27.76,228.674,230.145,229.4095
27.77,226.012,226.188,226.1
27.78,233.422,229.723,231.5725
27.79,227.892,226.628,227.26
27.8,228.154,225.599,226.8765
27.81,226.399,225.7,226.0495
27.82,228.487,225.845,227.166
27.83,228.938,225.764,227.351
27.84,227.415,224.87,226.1425
27.85,227.152,224.161,225.6565
27.86,226.861,226.888,226.8745
27.87,225.799,225.251,225.525
27.88,229.389,223.008,226.1985
27.89,232.212,223.069,227.6405
27.9,224.086,223.348,223.717
27.91,227.949,221.993,224.971
27.92,226.68,222.611,224.6455
27.93,227.373,222.586,224.9795
27.94,226.835,227.944,227.3895
27.95,223.868,224.423,224.1455
27.96,227.844,222.639,225.2415
27.97,230.152,224.493,227.3225
27.98,226.836,227.773,227.3045
27.99,227.876,223.845,225.8605
28.0,227.619,227.28,227.4495
28.01,228.814,226.927,227.8705
28.02,226.316,228.732,227.524
28.03,227.11,224.692,225.901
28.04,229.948,226.719,228.3335
28.05,226.991,227.848,227.4195
28.06,222.838,227.375,225.1065
28.07,223.636,227.454,225.545
28.08,227.834,224.291,226.0625
28.09,225.788,223.279,224.5335
28.1,227.315,227.002,227.1585
28.11,225.943,229.662,227.8025
28.12,226.898,226.303,226.6005
28.13,227.359,229.233,228.296
28.14,224.421,223.921,224.171
28.15,225.485,226.475,225.98
28.16,226.839,226.334,226.5865
28.17,224.756,219.361,222.0585
28.18,227.103,224.401,225.752
28.19,226.971,223.781,225.376
28.2,228.868,228.227,228.5475
28.21,228.215,223.131,225.673
28.22,228.692,225.702,227.197
28.23,227.197,228.59,227.8935
28.24,228.762,224.969,226.8655
28.25,230.158,224.102,227.13
28.26,228.907,225.983,227.445
28.27,225.005,225.892,225.4485
28.28,228.653,226.562,227.6075
28.29,230.55,226.799,228.6745
28.3,230.427,225.188,227.8075
28.31,234.125,225.771,229.948
28.32,229.326,228.444,228.885
28.33,231.841,222.901,227.371
28.34,228.81,225.416,227.113
28.35,229.705,221.816,225.7605
28.36,229.788,223.762,226.775
28.37,229.967,220.707,225.337
28.38,229.332,223.172,226.252
28.39,230.836,222.222,226.529
28.4,232.011,220.845,226.428
28.41,230.718,224.615,227.6665
28.42,232.157,225.18,228.6685
28.43,231.816,223.103,227.4595
28.44,230.792,226.3,228.546
28.45,228.691,226.028,227.3595
28.46,229.951,225.66,227.8055
28.47,230.856,220.475,225.6655
28.48,231.085,223.097,227.091
28.49,232.425,220.901,226.663
28.5,231.666,220.664,226.165
28.51,233.222,223.141,228.1815
28.52,229.339,221.89,225.6145
28.53,232.409,222.163,227.286
28.54,231.015,223.215,227.115
28.55,230.197,223.327,226.762
28.56,231.77,224.908,228.339
28.57,227.968,227.179,227.5735
28.58,231.506,220.952,226.229
28.59,229.972,224.498,227.235
28.6,228.147,223.945,226.046
28.61,229.134,224.731,226.9325
28.62,229.448,225.194,227.321
28.63,233.754,223.809,228.7815
28.64,230.642,223.003,226.8225
28.65,231.928,220.353,226.1405
28.66,233.822,222.836,228.329
28.67,232.72,223.527,228.1235
28.68,232.556,224.22,228.388
28.69,232.278,225.242,228.76
28.7,231.888,225.451,228.6695
28.71,230.421,226.392,228.4065
28.72,232.888,223.945,228.4165
28.73,236.474,222.978,229.726
28.74,233.995,222.058,228.0265
28.75,230.949,221.402,226.1755
28.76,231.756,223.822,227.789
28.77,234.361,222.463,228.412
28.78,230.638,222.732,226.685
28.79,229.982,227.267,228.6245
28.8,233.793,221.795,227.794
28.81,229.266,226.476,227.871
28.82,229.947,222.116,226.0315
28.83,230.869,221.73,226.2995
28.84,231.256,224.158,227.707
28.85,236.702,223.293,229.9975
28.86,234.914,224.589,229.7515
28.87,228.641,227.325,227.983
28.88,231.045,226.477,228.761
28.89,231.949,231.175,231.562
28.9,235.892,224.355,230.1235
28.91,228.069,228.684,228.3765
28.92,230.436,226.852,228.644
28.93,228.057,224.072,226.0645
28.94,230.242,223.857,227.0495
28.95,231.509,230.221,230.865
28.96,228.959,228.647,228.803
28.97,230.507,229.978,230.2425
28.98,227.722,231.341,229.5315
28.99,228.517,227.508,228.0125
29.0,226.479,227.209,226.844
29.01,229.28,228.978,229.129
29.02,228.391,229.107,228.749
29.03,227.01,225.0,226.005
29.04,229.269,228.554,228.9115
29.05,228.0,226.835,227.4175
29.06,229.786,223.567,226.6765
29.07,229.763,224.805,227.284
29.08,231.156,229.24,230.198
29.09,228.507,226.082,227.2945
29.1,231.531,224.486,228.0085
29.11,231.839,226.803,229.321
29.12,231.496,223.649,227.5725
29.13,228.834,227.8,228.317
29.14,231.735,224.808,228.2715
29.15,229.421,223.369,226.395
29.16,230.999,224.551,227.775
29.17,231.949,227.654,229.8015
29.18,236.2,227.011,231.6055
29.19,231.228,226.645,228.9365
29.2,231.732,226.113,228.9225
29.21,234.734,225.454,230.094
29.22,227.365,228.192,227.7785
29.23,235.896,225.253,230.5745
29.24,235.543,224.726,230.1345
29.25,230.55,227.855,229.2025
29.26,233.644,226.677,230.1605
29.27,232.043,226.168,229.1055
29.28,230.511,226.338,228.4245
29.29,229.207,224.956,227.0815
29.3,226.425,225.092,225.7585
29.31,231.42,229.558,230.489
29.32,233.433,225.447,229.44
29.33,234.849,227.381,231.115
29.34,233.513,229.444,231.4785
29.35,231.611,225.06,228.3355
29.36,227.855,226.753,227.304
29.37,227.338,228.81,228.074
29.38,228.92,223.908,226.414
29.39,229.683,229.464,229.5735
29.4,229.274,225.452,227.363
29.41,229.989,228.056,229.0225
29.42,228.588,225.345,226.9665
29.43,228.84,223.408,226.124
29.44,229.89,225.591,227.7405
29.45,232.403,226.542,229.4725
29.46,228.457,222.741,225.599
29.47,230.18,227.212,228.696
29.48,226.998,224.987,225.9925
29.49,229.448,224.345,226.8965
29.5,225.983,226.704,226.3435
29.51,228.033,224.126,226.0795
29.52,227.784,224.738,226.261
29.53,228.416,222.55,225.483
29.54,227.812,224.394,226.103
29.55,227.177,225.531,226.354
29.56,232.099,225.363,228.731
29.57,229.087,224.398,226.7425
29.58,227.769,227.15,227.4595
29.59,229.162,229.025,229.0935
29.6,229.686,227.316,228.501
29.61,227.217,225.944,226.5805
29.62,229.943,223.881,226.912
29.63,228.746,227.083,227.9145
29.64,230.352,223.755,227.0535
29.65,227.807,222.874,225.3405
29.66,231.648,225.24,228.444
29.67,227.945,221.824,224.8845
29.68,228.881,222.309,225.595
29.69,225.033,221.672,223.3525
29.7,225.596,221.748,223.672
29.71,229.238,227.21,228.224
29.72,225.726,224.555,225.1405
29.73,226.737,224.575,225.656
29.74,227.591,224.462,226.0265
29.75,226.602,225.944,226.273
29.76,229.483,224.799,227.141
29.77,227.383,222.364,224.8735
29.78,226.466,221.055,223.7605
29.79,228.322,225.589,226.9555
29.8,228.494,226.359,227.4265
29.81,230.112,226.487,228.2995
29.82,230.819,223.953,227.386
29.83,230.891,225.294,228.0925
29.84,227.309,225.384,226.3465
29.85,228.561,224.104,226.3325
29.86,231.74,226.474,229.107
29.87,230.964,224.405,227.6845
29.88,228.348,223.691,226.0195
29.89,231.925,229.457,230.691
29.9,231.139,230.134,230.6365
29.91,229.191,225.032,227.1115
29.92,224.9,230.941,227.9205
29.93,223.464,228.7,226.082
29.94,229.972,224.05,227.011
29.95,227.339,225.684,226.5115
29.96,229.056,226.868,227.962
29.97,225.774,224.41,225.092
29.98,226.533,225.254,225.8935
29.99,227.215,225.529,226.372
30.0,228.946,224.077,226.5115
30.01,228.902,226.978,227.94
30.02,228.807,226.81,227.8085
30.03,229.355,229.166,229.2605
30.04,231.247,224.233,227.74
30.05,228.347,227.332,227.8395
30.06,225.606,222.693,224.1495
30.07,225.429,227.128,226.2785
30.08,230.249,224.162,227.2055
30.09,226.596,224.02,225.308
30.1,226.304,228.094,227.199
30.11,227.663,227.677,227.67
30.12,230.352,224.402,227.377
30.13,228.256,226.533,227.3945
30.14,229.479,228.231,228.855
30.15,227.153,230.03,228.5915
30.16,227.113,225.419,226.266
30.17,228.429,225.637,227.033
30.18,227.99,228.194,228.092
30.19,227.948,225.523,226.7355
30.2,229.2,230.194,229.697
30.21,228.332,231.972,230.152
30.22,226.555,227.061,226.808
30.23,224.781,227.762,226.2715
30.24,224.111,228.308,226.2095
30.25,226.823,224.677,225.75
30.26,231.039,228.108,229.5735
30.27,229.693,228.868,229.2805
30.28,228.322,230.001,229.1615
30.29,228.812,229.483,229.1475
30.3,227.082,229.451,228.2665
30.31,228.73,227.606,228.168
30.32,225.68,224.054,224.867
30.33,227.941,228.326,228.1335
30.34,227.492,231.624,229.558
30.35,228.589,229.18,228.8845
30.36,229.114,227.4,228.257
30.37,230.567,227.244,228.9055
30.38,230.201,227.323,228.762
30.39,229.367,225.204,227.2855
30.4,225.341,229.786,227.5635
30.41,230.36,224.063,227.2115
30.42,225.472,225.682,225.577
30.43,230.196,228.79,229.493
30.44,224.723,226.208,225.4655
30.45,230.481,229.14,229.8105
30.46,230.068,226.737,228.4025
30.47,228.613,229.824,229.2185
30.48,227.458,226.132,226.795
30.49,229.611,224.276,226.9435
30.5,233.927,227.572,230.7495
30.51,230.902,227.992,229.447
30.52,230.171,223.744,226.9575
30.53,228.119,226.657,227.388
30.54,227.337,227.101,227.219
30.55,228.97,228.387,228.6785
30.56,228.465,225.44,226.9525
30.57,228.583,228.018,228.3005
30.58,228.948,225.297,227.1225
30.59,228.547,230.218,229.3825
30.6,230.896,224.488,227.692
30.61,230.11,226.702,228.406
30.62,229.77,226.83,228.3
30.63,229.498,229.722,229.61
30.64,225.986,229.24,227.613
30.65,231.372,223.054,227.213
30.66,231.213,225.33,228.2715
30.67,228.376,227.862,228.119
30.68,225.358,226.209,225.7835
30.69,228.985,225.405,227.195
30.7,231.251,223.665,227.458
30.71,229.4,226.691,228.0455
30.72,228.636,227.265,227.9505
30.73,224.912,227.655,226.2835
30.74,227.333,228.797,228.065
30.75,223.721,227.5,225.6105
30.76,228.731,229.344,229.0375
30.77,227.57,232.082,229.826
30.78,226.321,227.004,226.6625
30.79,228.611,230.754,229.6825
30.8,227.889,226.828,227.3585
30.81,227.004,227.047,227.0255
30.82,231.919,229.632,230.7755
30.83,228.459,230.344,229.4015
30.84,230.635,229.093,229.864
30.85,233.895,226.665,230.28
30.86,232.89,226.131,229.5105
30.87,231.237,226.625,228.931
30.88,228.993,230.244,229.6185
30.89,228.87,228.107,228.4885
30.9,226.167,227.683,226.925
30.91,228.523,227.746,228.1345
30.92,228.812,226.993,227.9025
30.93,229.844,226.806,228.325
30.94,228.837,222.715,225.776
30.95,225.752,227.011,226.3815
30.96,227.732,227.476,227.604
30.97,228.152,225.642,226.897
30.98,231.682,227.638,229.66
30.99,229.105,228.114,228.6095
31.0,229.009,225.756,227.3825
31.01,228.748,225.629,227.1885
31.02,227.11,224.898,226.004
31.03,229.858,224.612,227.235
31.04,228.345,226.962,227.6535
31.05,227.082,227.162,227.122
31.06,228.196,226.468,227.332
31.07,226.745,224.774,225.7595
31.08,226.244,226.279,226.2615
31.09,227.756,227.132,227.444
31.1,228.926,223.97,226.448
31.11,229.657,222.97,226.3135
31.12,229.541,226.749,228.145
31.13,226.09,231.518,228.804
31.14,231.33,223.869,227.5995
31.15,232.014,226.46,229.237
31.16,231.854,222.719,227.2865
31.17,229.197,225.679,227.438
31.18,230.299,229.84,230.0695
31.19,230.338,224.81,227.574
31.2,233.024,227.887,230.4555
31.21,233.131,225.586,229.3585
31.22,231.532,227.737,229.6345
31.23,231.329,227.565,229.447
31.24,232.926,226.257,229.5915
31.25,229.657,226.639,228.148
31.26,230.124,225.131,227.6275
31.27,228.766,227.58,228.173
31.28,231.37,227.207,229.2885
31.29,230.695,227.813,229.254
31.3,228.097,227.126,227.6115
31.31,230.324,229.35,229.837
31.32,229.2,224.228,226.714
31.33,231.278,230.686,230.982
31.34,229.688,228.484,229.086
31.35,227.834,225.538,226.686
31.36,225.36,226.371,225.8655
31.37,226.805,227.373,227.089
31.38,230.354,226.547,228.4505
31.39,227.896,228.909,228.4025
31.4,230.413,227.149,228.781
31.41,228.74,227.302,228.021
31.42,229.857,229.219,229.538
31.43,229.021,228.8,228.9105
31.44,229.439,229.295,229.367
31.45,232.141,227.114,229.6275
31.46,227.871,229.038,228.4545
31.47,233.337,226.313,229.825
31.48,231.66,223.841,227.7505
31.49,231.315,225.833,228.574
31.5,230.07,226.731,228.4005
31.51,232.349,225.578,228.9635
31.52,232.1,226.255,229.1775
31.53,230.586,225.82,228.203
31.54,226.981,227.855,227.418
31.55,227.629,226.275,226.952
31.56,227.978,224.311,226.1445
31.57,226.389,223.639,225.014
31.58,228.838,228.397,228.6175
31.59,229.137,223.748,226.4425
31.6,230.41,221.571,225.9905
31.61,229.677,227.359,228.518
31.62,226.951,228.424,227.6875
31.63,226.202,224.593,225.3975
31.64,226.571,222.101,224.336
31.65,228.606,223.723,226.1645
31.66,225.069,225.952,225.5105
31.67,228.74,225.057,226.8985
31.68,229.855,225.652,227.7535
31.69,229.448,222.154,225.801
31.7,229.198,223.442,226.32
31.71,227.251,221.726,224.4885
31.72,228.348,220.966,224.657
31.73,232.648,225.058,228.853
31.74,227.699,224.278,225.9885
31.75,228.626,227.772,228.199
31.76,226.893,227.117,227.005
31.77,228.35,224.556,226.453
31.78,227.711,227.377,227.544
31.79,230.464,224.421,227.4425
31.8,229.133,226.459,227.796
31.81,231.523,226.647,229.085
31.82,231.058,229.728,230.393
31.83,228.164,226.816,227.49
31.84,229.891,230.088,229.9895
31.85,228.816,227.98,228.398
31.86,227.056,226.388,226.722
31.87,230.478,228.303,229.3905
31.88,229.697,226.836,228.2665
31.89,231.389,230.111,230.75
31.9,228.615,228.598,228.6065
31.91,231.063,227.295,229.179
31.92,236.308,225.321,230.8145
31.93,232.792,223.619,228.2055
31.94,230.478,226.273,228.3755
31.95,230.882,224.853,227.8675
31.96,228.551,227.19,227.8705
31.97,229.883,225.371,227.627
31.98,231.964,223.339,227.6515
31.99,231.18,223.908,227.544
32.0,231.064,224.568,227.816
32.01,228.427,225.121,226.774
32.02,230.951,223.336,227.1435
32.03,228.204,221.024,224.614
32.04,229.272,224.653,226.9625
32.05,232.01,224.006,228.008
32.06,229.04,225.005,227.0225
32.07,229.217,228.218,228.7175
32.08,228.352,230.159,229.2555
32.09,228.346,229.776,229.061
32.1,227.18,226.81,226.995
32.11,231.066,227.471,229.2685
32.12,230.908,227.763,229.3355
32.13,230.441,230.866,230.6535
32.14,228.663,231.167,229.915
32.15,228.808,228.009,228.4085
32.16,226.674,228.998,227.836
32.17,228.198,230.173,229.1855
32.18,227.483,227.866,227.6745
32.19,229.266,228.501,228.8835
32.2,231.072,227.315,229.1935
32.21,227.225,228.643,227.934
32.22,230.853,228.72,229.7865
32.23,236.665,226.884,231.7745
32.24,232.381,227.581,229.981
32.25,229.366,228.972,229.169
32.26,231.217,230.957,231.087
32.27,231.423,228.363,229.893
32.28,227.946,223.943,225.9445
32.29,230.112,228.641,229.3765
32.3,227.871,226.954,227.4125
32.31,229.751,229.267,229.509
32.32,228.144,226.695,227.4195
32.33,228.862,226.266,227.564
32.34,229.416,229.433,229.4245
32.35,229.469,222.781,226.125
32.36,230.234,226.345,228.2895
32.37,229.34,226.774,228.057
32.38,229.257,227.224,228.2405
32.39,227.959,230.281,229.12
32.4,228.858,227.885,228.3715
32.41,227.663,226.588,227.1255
32.42,230.694,226.282,228.488
32.43,229.634,223.354,226.494
32.44,229.113,221.514,225.3135
32.45,226.535,226.16,226.3475
32.46,229.187,224.881,227.034
32.47,226.32,225.3,225.81
32.48,226.874,225.501,226.1875
32.49,225.452,226.322,225.887
32.5,229.571,226.383,227.977
32.51,229.848,229.121,229.4845
32.52,225.815,229.77,227.7925
32.53,233.641,225.918,229.7795
32.54,229.184,224.344,226.764
32.55,225.621,227.807,226.714
32.56,228.226,223.778,226.002
32.57,231.5,224.135,227.8175
32.58,227.657,225.521,226.589
32.59,229.776,227.813,228.7945
32.6,226.237,226.188,226.2125
32.61,231.337,226.249,228.793
32.62,234.629,225.935,230.282
32.63,231.54,224.288,227.914
32.64,226.222,228.781,227.5015
32.65,229.596,221.444,225.52
32.66,234.009,223.92,228.9645
32.67,234.253,225.525,229.889
32.68,231.876,222.49,227.183
32.69,230.372,220.305,225.3385
32.7,227.979,219.673,223.826
32.71,225.589,226.172,225.8805
32.72,227.265,219.679,223.472
32.73,225.62,225.816,225.718
32.74,226.312,227.746,227.029
32.75,231.587,225.865,228.726
32.76,232.57,225.721,229.1455
32.77,229.061,227.173,228.117
32.78,229.126,228.697,228.9115
32.79,228.817,228.13,228.4735
32.8,230.019,232.075,231.047
32.81,229.021,230.001,229.511
32.82,230.721,231.941,231.331
32.83,233.366,228.682,231.024
32.84,230.836,226.315,228.5755
32.85,233.28,228.122,230.701
32.86,232.197,227.684,229.9405
32.87,230.649,228.361,229.505
32.88,228.02,225.509,226.7645
32.89,226.082,227.383,226.7325
32.9,227.587,230.766,229.1765
32.91,228.99,232.654,230.822
32.92,229.28,231.506,230.393
32.93,230.668,229.376,230.022
32.94,230.616,231.775,231.1955
32.95,227.7,228.67,228.185
32.96,229.527,230.207,229.867
32.97,227.782,229.36,228.571
32.98,227.434,232.759,230.0965
32.99,230.037,231.828,230.9325
33.0,228.492,233.003,230.7475
33.01,227.201,230.362,228.7815
33.02,225.37,230.344,227.857
33.03,228.05,226.616,227.333
33.04,227.548,228.081,227.8145
33.05,231.267,228.925,230.096
33.06,227.555,227.733,227.644
33.07,227.059,232.376,229.7175
33.08,224.255,232.028,228.1415
33.09,229.222,231.612,230.417
33.1,228.375,231.377,229.876
33.11,228.912,227.812,228.362
33.12,229.396,230.309,229.8525
33.13,228.308,226.904,227.606
33.14,228.915,229.258,229.0865
33.15,225.647,226.107,225.877
33.16,230.323,228.987,229.655
33.17,229.015,228.979,228.997
33.18,230.433,228.476,229.4545
33.19,228.343,228.556,228.4495
33.2,226.957,227.315,227.136
33.21,226.399,228.893,227.646
33.22,227.271,229.558,228.4145
33.23,224.629,230.773,227.701
33.24,229.475,228.127,228.801
33.25,230.666,226.88,228.773
33.26,228.849,227.471,228.16
33.27,227.813,231.05,229.4315
33.28,226.962,228.664,227.813
33.29,230.701,229.877,230.289
33.3,229.026,229.487,229.2565
33.31,230.392,230.737,230.5645
33.32,233.136,231.374,232.255
33.33,229.67,228.443,229.0565
33.34,227.095,233.095,230.095
33.35,227.122,233.551,230.3365
33.36,225.272,231.914,228.593
33.37,224.469,234.031,229.25
33.38,226.089,230.748,228.4185
33.39,226.902,230.875,228.8885
33.4,228.1,232.013,230.0565
33.41,225.475,227.566,226.5205
33.42,229.091,231.928,230.5095
33.43,227.305,230.375,228.84
33.44,232.237,234.735,233.486
33.45,224.891,231.946,228.4185
33.46,230.198,232.734,231.466
33.47,228.391,231.436,229.9135
33.48,229.799,228.807,229.303
33.49,227.649,229.892,228.7705
33.5,228.596,228.525,228.5605
33.51,231.751,228.342,230.0465
33.52,226.833,231.395,229.114
33.53,225.771,233.54,229.6555
33.54,225.696,231.942,228.819
33.55,228.833,232.929,230.881
33.56,228.383,231.29,229.8365
33.57,226.303,231.742,229.0225
33.58,222.251,234.965,228.608
33.59,225.997,232.378,229.1875
33.6,227.937,230.088,229.0125
33.61,226.609,226.126,226.3675
33.62,225.275,230.083,227.679
33.63,227.15,230.538,228.844
33.64,225.891,232.581,229.236
33.65,227.72,231.255,229.4875
33.66,226.156,232.819,229.4875
33.67,228.191,230.183,229.187
33.68,226.412,229.972,228.192
33.69,226.526,228.775,227.6505
33.7,226.452,233.007,229.7295
33.71,227.396,227.958,227.677
33.72,228.694,231.041,229.8675
33.73,230.919,230.685,230.802
33.74,229.36,230.428,229.894
33.75,227.395,228.789,228.092
33.76,227.007,227.634,227.3205
33.77,229.516,228.872,229.194
33.78,228.018,232.082,230.05
33.79,229.112,226.827,227.9695
33.8,228.277,229.489,228.883
33.81,231.186,232.252,231.719
33.82,227.827,230.634,229.2305
33.83,230.736,229.864,230.3
33.84,228.954,230.085,229.5195
33.85,227.178,230.477,228.8275
33.86,229.942,229.09,229.516
33.87,226.84,231.321,229.0805
33.88,228.928,231.438,230.183
33.89,229.414,231.5,230.457
33.9,227.727,231.328,229.5275
33.91,228.82,228.218,228.519
33.92,225.92,231.406,228.663
33.93,226.539,226.562,226.5505
33.94,225.419,229.316,227.3675
33.95,227.002,226.661,226.8315
33.96,228.014,226.626,227.32
33.97,229.461,229.069,229.265
33.98,228.971,227.328,228.1495
33.99,229.668,227.843,228.7555
34.0,228.688,229.038,228.863
34.01,228.782,226.091,227.4365
34.02,231.591,228.818,230.2045
34.03,233.094,228.347,230.7205
34.04,229.077,228.997,229.037
34.05,228.829,228.753,228.791
34.06,226.906,225.775,226.3405
34.07,228.907,229.528,229.2175
34.08,230.888,229.068,229.978
34.09,228.319,229.484,228.9015
34.1,228.854,226.865,227.8595
34.11,228.109,231.048,229.5785
34.12,229.353,228.69,229.0215
34.13,234.09,224.458,229.274
34.14,229.936,227.49,228.713
34.15,229.794,229.195,229.4945
34.16,225.986,231.423,228.7045
34.17,232.255,228.51,230.3825
34.18,231.38,229.692,230.536
34.19,230.509,228.412,229.4605
34.2,229.445,229.193,229.319
34.21,233.167,231.055,232.111
34.22,231.146,232.748,231.947
34.23,233.467,228.399,230.933
34.24,231.644,229.042,230.343
34.25,228.781,230.327,229.554
34.26,230.941,231.773,231.357
34.27,227.176,227.591,227.3835
34.28,227.725,229.46,228.5925
34.29,229.298,228.882,229.09
34.3,228.109,230.435,229.272
34.31,227.479,229.411,228.445
34.32,230.263,230.053,230.158
34.33,230.783,233.288,232.0355
34.34,227.888,228.797,228.3425
34.35,229.685,228.122,228.9035
34.36,226.967,227.948,227.4575
34.37,226.927,230.182,228.5545
34.38,236.108,231.185,233.6465
34.39,227.124,228.761,227.9425
34.4,233.683,233.48,233.5815
34.41,233.319,231.564,232.4415
34.42,235.121,233.829,234.475
34.43,234.596,231.159,232.8775
34.44,230.123,230.268,230.1955
34.45,230.153,228.918,229.5355
34.46,233.04,228.162,230.601
34.47,229.116,229.511,229.3135
34.48,231.983,230.758,231.3705
34.49,230.423,229.819,230.121
34.5,228.802,230.709,229.7555
34.51,230.434,227.882,229.158
34.52,231.502,229.294,230.398
34.53,228.976,228.0,228.488
34.54,233.919,230.506,232.2125
34.55,229.371,232.309,230.84
34.56,228.16,230.192,229.176
34.57,232.595,227.975,230.285
34.58,232.306,230.126,231.216
34.59,236.241,231.559,233.9
34.6,229.442,232.656,231.049
34.61,230.269,231.621,230.945
34.62,233.05,229.912,231.481
34.63,228.771,232.109,230.44
34.64,229.213,230.339,229.776
34.65,230.913,230.06,230.4865
34.66,232.484,232.288,232.386
34.67,229.151,231.599,230.375
34.68,230.967,231.003,230.985
34.69,229.206,229.072,229.139
34.7,228.283,228.316,228.2995
34.71,231.307,230.281,230.794
34.72,229.355,227.667,228.511
34.73,229.322,230.578,229.95
34.74,228.527,231.428,229.9775
34.75,232.316,232.469,232.3925
34.76,230.967,231.353,231.16
34.77,231.639,233.418,232.5285
34.78,231.176,228.184,229.68
34.79,228.491,230.055,229.273
34.8,229.96,228.398,229.179
34.81,228.364,230.959,229.6615
34.82,231.758,231.413,231.5855
34.83,231.138,231.718,231.428
34.84,233.86,231.143,232.5015
34.85,232.023,228.943,230.483
34.86,232.327,232.642,232.4845
34.87,229.546,231.803,230.6745
34.88,231.844,229.795,230.8195
34.89,229.836,236.484,233.16
34.9,232.912,229.898,231.405
34.91,229.592,233.064,231.328
34.92,228.572,232.485,230.5285
34.93,226.794,230.517,228.6555
34.94,230.1,231.508,230.804
34.95,231.027,234.26,232.6435
34.96,230.869,230.666,230.7675
34.97,228.641,232.48,230.5605
34.98,228.062,231.52,229.791
34.99,226.754,232.347,229.5505
35.0,236.232,231.0,233.616
35.01,233.96,228.729,231.3445
35.02,233.64,230.479,232.0595
35.03,236.094,229.683,232.8885
35.04,234.579,232.329,233.454
35.05,233.778,228.641,231.2095
35.06,229.136,229.338,229.237
35.07,228.158,226.961,227.5595
35.08,228.96,225.666,227.313
35.09,231.188,226.906,229.047
35.1,233.601,229.225,231.413
35.11,232.378,228.24,230.309
35.12,233.043,228.24,230.6415
35.13,228.52,232.815,230.6675
35.14,230.021,225.934,227.9775
35.15,230.929,225.672,228.3005
35.16,234.932,225.181,230.0565
35.17,233.361,223.238,228.2995
35.18,235.505,228.829,232.167
35.19,236.424,227.423,231.9235
35.2,233.29,228.072,230.681
35.21,237.756,224.425,231.0905
35.22,236.681,225.964,231.3225
35.23,237.455,225.216,231.3355
35.24,235.818,225.237,230.5275
35.25,232.385,229.6,230.9925
35.26,232.936,229.152,231.044
35.27,236.268,222.788,229.528
35.28,234.565,224.696,229.6305
35.29,236.488,229.576,233.032
35.3,237.291,226.776,232.0335
35.31,234.834,226.54,230.687
35.32,232.052,227.496,229.774
35.33,232.666,224.31,228.488
35.34,230.654,225.341,227.9975
35.35,232.802,227.097,229.9495
35.36,229.641,227.808,228.7245
35.37,231.468,227.249,229.3585
35.38,231.607,226.414,229.0105
35.39,235.695,225.077,230.386
35.4,233.623,228.261,230.942
35.41,231.951,225.97,228.9605
35.42,230.884,225.905,228.3945
35.43,234.684,228.391,231.5375
35.44,231.379,228.745,230.062
35.45,232.231,231.275,231.753
35.46,233.784,231.067,232.4255
35.47,232.53,229.904,231.217
35.48,236.52,227.592,232.056
35.49,232.248,232.793,232.5205
35.5,232.622,230.778,231.7
35.51,232.287,228.527,230.407
35.52,228.96,232.84,230.9
35.53,231.431,232.629,232.03
35.54,228.532,231.511,230.0215
35.55,231.131,231.502,231.3165
35.56,230.77,228.588,229.679
35.57,229.6,234.169,231.8845
35.58,232.231,233.215,232.723
35.59,234.425,233.953,234.189
35.6,231.656,233.592,232.624
35.61,233.171,232.865,233.018
35.62,229.657,228.957,229.307
35.63,234.988,229.026,232.007
35.64,235.025,229.762,232.3935
35.65,232.357,230.861,231.609
35.66,233.006,225.393,229.1995
35.67,234.827,226.8,230.8135
35.68,232.122,229.554,230.838
35.69,231.894,228.272,230.083
35.7,231.183,227.596,229.3895
35.71,232.087,232.095,232.091
35.72,229.136,229.598,229.367
35.73,234.0,231.502,232.751
35.74,232.444,230.285,231.3645
35.75,230.705,227.023,228.864
35.76,230.273,225.191,227.732
35.77,230.057,226.244,228.1505
35.78,230.278,231.576,230.927
35.79,230.452,229.575,230.0135
35.8,229.327,231.359,230.343
35.81,230.751,231.079,230.915
35.82,226.953,228.594,227.7735
35.83,230.825,227.574,229.1995
35.84,231.774,227.499,229.6365
35.85,229.448,230.008,229.728
35.86,231.884,228.467,230.1755
35.87,231.22,226.188,228.704
35.88,231.303,229.889,230.596
35.89,231.744,228.999,230.3715
35.9,230.749,229.178,229.9635
35.91,230.236,232.052,231.144
35.92,229.118,232.057,230.5875
35.93,227.987,229.045,228.516
35.94,227.16,228.861,228.0105
35.95,230.253,230.703,230.478
35.96,233.718,234.968,234.343
35.97,232.949,231.1,232.0245
35.98,228.696,232.714,230.705
35.99,231.128,231.832,231.48
36.0,232.085,234.863,233.474
36.01,228.529,231.618,230.0735
36.02,231.237,229.583,230.41
36.03,231.267,230.108,230.6875
36.04,228.15,228.28,228.215
36.05,229.449,231.658,230.5535
36.06,232.423,231.692,232.0575
36.07,231.416,230.236,230.826
36.08,234.576,231.327,232.9515
36.09,232.353,233.951,233.152
36.1,235.098,228.499,231.7985
36.11,230.648,231.365,231.0065
36.12,229.282,231.536,230.409
36.13,229.802,232.962,231.382
36.14,229.82,231.429,230.6245
36.15,228.782,230.844,229.813
36.16,229.06,231.139,230.0995
36.17,231.914,231.718,231.816
36.18,234.188,227.71,230.949
36.19,230.731,229.13,229.9305
36.2,231.413,228.464,229.9385
36.21,229.584,229.983,229.7835
36.22,229.411,225.96,227.6855
36.23,231.102,227.819,229.4605
36.24,226.304,227.401,226.8525
36.25,225.297,226.362,225.8295
36.26,224.991,229.612,227.3015
36.27,230.658,232.069,231.3635
36.28,228.421,231.283,229.852
36.29,230.378,227.061,228.7195
36.3,227.71,230.854,229.282
36.31,230.488,226.94,228.714
36.32,230.285,230.885,230.585
36.33,229.899,228.154,229.0265
36.34,232.129,224.849,228.489
36.35,233.399,229.323,231.361
36.36,232.261,231.604,231.9325
36.37,231.166,230.936,231.051
36.38,229.971,230.949,230.46
36.39,232.515,231.142,231.8285
36.4,231.428,233.141,232.2845
36.41,229.133,236.034,232.5835
36.42,229.24,231.876,230.558
36.43,229.754,234.981,232.3675
36.44,227.911,229.871,228.891
36.45,227.443,237.998,232.7205
36.46,228.548,230.551,229.5495
36.47,227.295,229.435,228.365
36.48,228.976,232.14,230.558
36.49,227.907,230.339,229.123
36.5,227.261,231.041,229.151
36.51,226.018,233.73,229.874
36.52,227.736,229.423,228.5795
36.53,231.127,231.404,231.2655
36.54,229.844,229.847,229.8455
36.55,225.851,226.543,226.197
36.56,228.162,225.872,227.017
36.57,229.958,226.952,228.455
36.58,227.992,228.436,228.214
36.59,229.458,227.797,228.6275
36.6,230.647,229.429,230.038
36.61,228.991,228.653,228.822
36.62,226.082,229.506,227.794
36.63,229.498,228.699,229.0985
36.64,225.642,228.391,227.0165
36.65,228.879,229.427,229.153
36.66,228.417,230.913,229.665
36.67,225.83,230.551,228.1905
36.68,229.375,226.438,227.9065
36.69,228.536,227.719,228.1275
36.7,225.797,225.734,225.7655
36.71,226.234,227.693,226.9635
36.72,228.486,228.874,228.68
36.73,229.316,233.39,231.353
36.74,230.149,229.629,229.889
36.75,231.083,233.027,232.055
36.76,233.752,228.135,230.9435
36.77,228.822,232.423,230.6225
36.78,230.581,229.262,229.9215
36.79,230.25,228.865,229.5575
36.8,228.459,235.031,231.745
36.81,230.177,229.714,229.9455
36.82,229.683,226.484,228.0835
36.83,231.264,229.85,230.557
36.84,235.004,226.928,230.966
36.85,235.189,230.822,233.0055
36.86,231.984,229.362,230.673
36.87,233.247,229.989,231.618
36.88,232.666,231.326,231.996
36.89,232.549,228.073,230.311
36.9,233.339,233.216,233.2775
36.91,234.402,230.394,232.398
36.92,235.046,228.813,231.9295
36.93,231.336,229.701,230.5185
36.94,232.423,230.322,231.3725
36.95,232.435,226.7,229.5675
36.96,232.147,229.877,231.012
36.97,229.392,226.866,228.129
36.98,232.986,231.079,232.0325
36.99,230.629,230.114,230.3715
37.0,232.428,227.578,230.003
37.01,229.183,229.635,229.409
37.02,234.047,229.724,231.8855
37.03,231.628,229.769,230.6985
37.04,232.106,225.41,228.758
37.05,234.956,228.73,231.843
37.06,234.445,231.205,232.825
37.07,230.618,229.934,230.276
37.08,230.92,230.342,230.631
37.09,231.804,231.435,231.6195
37.1,231.078,234.528,232.803
37.11,233.932,232.275,233.1035
37.12,231.486,230.365,230.9255
37.13,231.958,227.582,229.77
37.14,227.102,230.368,228.735
37.15,229.569,232.56,231.0645
37.16,226.819,230.678,228.7485
37.17,228.263,230.369,229.316
37.18,229.496,236.001,232.7485
37.19,232.368,231.268,231.818
37.2,233.472,234.738,234.105
37.21,228.856,232.539,230.6975
37.22,231.854,232.32,232.087
37.23,231.835,229.178,230.5065
37.24,232.015,231.197,231.606
37.25,232.027,230.739,231.383
37.26,234.909,232.981,233.945
37.27,232.696,230.697,231.6965
37.28,230.558,235.36,232.959
37.29,230.566,234.307,232.4365
37.3,230.776,231.732,231.254
37.31,232.902,231.948,232.425
37.32,231.023,230.325,230.674
37.33,232.181,233.634,232.9075
37.34,230.804,235.492,233.148
37.35,235.132,237.133,236.1325
37.36,232.988,235.952,234.47
37.37,230.699,233.892,232.2955
37.38,230.914,230.881,230.8975
37.39,230.77,231.825,231.2975
37.4,234.979,236.623,235.801
37.41,233.85,233.725,233.7875
37.42,234.233,235.577,234.905
37.43,229.56,230.629,230.0945
37.44,229.023,232.306,230.6645
37.45,229.683,231.829,230.756
37.46,230.485,227.735,229.11
37.47,233.555,233.234,233.3945
37.48,231.09,233.726,232.408
37.49,230.435,235.081,232.758
37.5,235.273,231.06,233.1665
37.51,233.784,230.917,232.3505
37.52,233.084,232.606,232.845
37.53,231.203,231.899,231.551
37.54,228.727,231.568,230.1475
37.55,231.058,230.185,230.6215
37.56,229.014,230.765,229.8895
37.57,227.825,232.469,230.147
37.58,228.621,229.442,229.0315
37.59,234.432,229.276,231.854
37.6,234.206,229.383,231.7945
37.61,229.144,225.931,227.5375
37.62,235.981,229.658,232.8195
37.63,231.388,231.189,231.2885
37.64,231.949,231.211,231.58
37.65,232.591,231.484,232.0375
37.66,235.035,228.577,231.806
37.67,231.45,228.255,229.8525
37.68,231.26,228.794,230.027
37.69,231.675,225.134,228.4045
37.7,231.511,230.474,230.9925
37.71,233.566,227.761,230.6635
37.72,232.02,228.362,230.191
37.73,231.725,225.552,228.6385
37.74,230.559,228.075,229.317
37.75,232.958,226.426,229.692
37.76,236.5,227.768,232.134
37.77,234.413,226.688,230.5505
37.78,231.624,230.218,230.921
37.79,234.985,228.462,231.7235
37.8,231.819,229.125,230.472
37.81,230.503,231.625,231.064
37.82,228.579,232.137,230.358
37.83,231.93,227.119,229.5245
37.84,233.503,225.848,229.6755
37.85,231.265,227.03,229.1475
37.86,232.616,224.487,228.5515
37.87,234.04,228.162,231.101
37.88,233.306,232.491,232.8985
37.89,232.455,228.798,230.6265
37.9,233.63,228.122,230.876
37.91,230.087,230.581,230.334
37.92,230.486,229.078,229.782
37.93,233.057,231.971,232.514
37.94,233.417,227.176,230.2965
37.95,230.64,231.694,231.167
37.96,231.934,227.972,229.953
37.97,229.705,231.462,230.5835
37.98,230.331,232.018,231.1745
37.99,228.126,232.523,230.3245
38.0,231.392,227.246,229.319
38.01,226.749,229.483,228.116
38.02,231.753,229.257,230.505
38.03,232.334,228.983,230.6585
38.04,231.244,231.585,231.4145
38.05,228.741,229.458,229.0995
38.06,232.386,232.231,232.3085
38.07,234.951,228.649,231.8
38.08,235.199,234.634,234.9165
38.09,231.569,232.28,231.9245
38.1,230.847,231.287,231.067
38.11,232.566,229.827,231.1965
38.12,231.466,231.51,231.488
38.13,228.008,228.394,228.201
38.14,227.844,229.18,228.512
38.15,231.435,230.525,230.98
38.16,229.863,228.518,229.1905
38.17,230.701,228.018,229.3595
38.18,230.63,233.134,231.882
38.19,226.518,229.903,228.2105
38.2,228.127,230.681,229.404
38.21,230.579,227.14,228.8595
38.22,232.516,233.19,232.853
38.23,232.07,230.393,231.2315
38.24,228.937,234.266,231.6015
38.25,229.073,233.201,231.137
38.26,233.639,235.04,234.3395
38.27,230.623,230.177,230.4
38.28,230.165,228.108,229.1365
38.29,231.127,230.851,230.989
38.3,229.277,229.939,229.608
38.31,232.339,233.416,232.8775
38.32,229.415,230.71,230.0625
38.33,228.758,234.001,231.3795
38.34,229.813,232.17,230.9915
38.35,227.81,232.349,230.0795
38.36,228.91,230.785,229.8475
38.37,229.936,231.836,230.886
38.38,235.002,233.702,234.352
38.39,231.397,233.186,232.2915
38.4,231.257,231.911,231.584
38.41,231.916,233.5,232.708
38.42,229.721,229.778,229.7495
38.43,227.414,230.272,228.843
38.44,230.718,230.166,230.442
38.45,227.808,229.968,228.888
38.46,230.739,227.872,229.3055
38.47,229.411,229.154,229.2825
38.48,234.281,229.491,231.886
38.49,230.476,230.316,230.396
38.5,229.014,229.254,229.134
38.51,230.688,231.13,230.909
38.52,230.969,232.01,231.4895
38.53,229.838,232.538,231.188
38.54,231.38,230.829,231.1045
38.55,226.671,232.172,229.4215
38.56,233.178,231.684,232.431
38.57,231.221,231.0,231.1105
38.58,229.921,230.509,230.215
38.59,229.71,232.77,231.24
38.6,230.982,233.781,232.3815
38.61,231.168,232.401,231.7845
38.62,230.892,235.705,233.2985
38.63,228.623,231.022,229.8225
38.64,229.498,230.565,230.0315
38.65,231.28,230.884,231.082
38.66,228.73,233.671,231.2005
38.67,228.317,236.01,232.1635
38.68,231.46,230.652,231.056
38.69,232.121,233.836,232.9785
38.7,231.018,232.863,231.9405
38.71,224.336,232.174,228.255
38.72,230.963,232.171,231.567
38.73,231.366,228.097,229.7315
38.74,228.895,233.533,231.214
38.75,230.221,233.886,232.0535
38.76,228.971,230.126,229.5485
38.77,227.834,234.425,231.1295
38.78,230.197,232.145,231.171
38.79,231.296,231.859,231.5775
38.8,229.45,231.353,230.4015
38.81,230.307,234.41,232.3585
38.82,233.275,230.362,231.8185
38.83,229.944,229.34,229.642
38.84,229.916,229.239,229.5775
38.85,229.659,232.714,231.1865
38.86,228.776,232.163,230.4695
38.87,229.546,229.409,229.4775
38.88,227.156,233.604,230.38
38.89,229.034,231.182,230.108
38.9,227.353,234.165,230.759
38.91,231.352,231.087,231.2195
38.92,228.022,234.332,231.177
38.93,228.167,234.341,231.254
38.94,227.576,231.048,229.312
38.95,230.563,232.449,231.506
38.96,232.903,232.684,232.7935
38.97,233.151,232.791,232.971
38.98,229.663,232.964,231.3135
38.99,231.146,229.424,230.285
39.0,227.571,224.358,225.9645
39.01,227.476,232.344,229.91
39.02,229.382,236.92,233.151
39.03,229.981,231.681,230.831
39.04,231.89,233.651,232.7705
39.05,231.533,233.413,232.473
39.06,233.971,234.4,234.1855
39.07,232.844,231.333,232.0885
39.08,229.204,235.931,232.5675
39.09,231.147,234.474,232.8105
39.1,230.175,232.754,231.4645
39.11,231.01,233.597,232.3035
39.12,227.046,232.835,229.9405
39.13,226.209,231.164,228.6865
39.14,228.033,228.428,228.2305
39.15,226.422,234.733,230.5775
39.16,229.163,230.812,229.9875
39.17,230.474,229.318,229.896
39.18,227.455,233.699,230.577
39.19,232.293,230.142,231.2175
39.2,229.791,230.49,230.1405
39.21,231.261,233.931,232.596
39.22,226.976,235.948,231.462
39.23,228.405,235.243,231.824
39.24,232.022,234.423,233.2225
39.25,230.108,231.181,230.6445
39.26,229.379,235.391,232.385
39.27,229.83,238.141,233.9855
39.28,229.43,233.24,231.335
39.29,229.298,233.466,231.382
39.3,226.77,235.528,231.149
39.31,229.376,233.966,231.671
39.32,232.8,238.432,235.616
39.33,230.837,238.072,234.4545
39.34,228.674,233.87,231.272
39.35,232.517,235.107,233.812
39.36,229.713,234.438,232.0755
39.37,232.527,236.004,234.2655
39.38,229.893,235.295,232.594
39.39,233.081,232.535,232.808
39.4,229.461,234.27,231.8655
39.41,229.217,231.62,230.4185
39.42,229.119,234.698,231.9085
39.43,229.987,237.118,233.5525
39.44,228.071,239.389,233.73
39.45,231.339,235.889,233.614
39.46,228.924,234.921,231.9225
39.47,228.742,235.198,231.97
39.48,227.387,231.958,229.6725
39.49,229.155,232.803,230.979
39.5,231.508,234.524,233.016
39.51,228.821,234.295,231.558
39.52,229.468,230.036,229.752
39.53,231.367,231.617,231.492
39.54,230.708,233.162,231.935
39.55,228.783,230.831,229.807
39.56,230.151,230.455,230.303
39.57,228.318,231.889,230.1035
39.58,230.893,234.275,232.584
39.59,226.628,233.951,230.2895
39.6,230.001,229.936,229.9685
39.61,227.508,232.63,230.069
39.62,230.186,233.054,231.62
39.63,228.275,233.854,231.0645
39.64,227.669,230.65,229.1595
39.65,225.231,231.796,228.5135
39.66,227.734,234.183,230.9585
39.67,227.329,236.103,231.716
39.68,228.111,230.986,229.5485
39.69,228.461,235.328,231.8945
39.7,224.396,230.985,227.6905
39.71,226.163,237.014,231.5885
39.72,226.462,233.123,229.7925
39.73,225.459,233.645,229.552
39.74,227.228,230.494,228.861
39.75,227.65,231.147,229.3985
39.76,226.026,232.434,229.23
39.77,227.491,230.81,229.1505
39.78,223.973,229.544,226.7585
39.79,228.377,228.962,228.6695
39.8,226.403,232.875,229.639
39.81,223.424,233.182,228.303
39.82,228.175,234.152,231.1635
39.83,224.989,235.941,230.465
39.84,226.716,228.816,227.766
39.85,228.64,233.673,231.1565
39.86,228.267,234.664,231.4655
39.87,231.014,235.309,233.1615
39.88,228.955,234.244,231.5995
39.89,229.075,234.223,231.649
39.9,230.327,233.953,232.14
39.91,226.493,231.662,229.0775
39.92,229.357,237.929,233.643
39.93,227.052,231.31,229.181
39.94,231.077,235.486,233.2815
39.95,225.13,237.716,231.423
39.96,227.719,235.748,231.7335
39.97,228.023,234.402,231.2125
39.98,228.818,236.624,232.721
39.99,229.274,237.301,233.2875
40.0,228.883,233.702,231.2925
40.01,226.277,236.853,231.565
40.02,228.491,235.156,231.8235
40.03,227.139,239.611,233.375
40.04,227.795,235.225,231.51
40.05,226.879,233.981,230.43
40.06,227.274,237.346,232.31
40.07,228.316,234.865,231.5905
40.08,227.198,233.7,230.449
40.09,227.016,235.433,231.2245
40.1,229.236,237.983,233.6095
40.11,225.975,236.83,231.4025
40.12,228.382,231.613,229.9975
40.13,227.99,237.845,232.9175
40.14,231.497,232.557,232.027
40.15,228.179,235.439,231.809
40.16,228.189,229.364,228.7765
40.17,224.703,234.536,229.6195
40.18,224.996,236.024,230.51
40.19,227.675,234.344,231.0095
40.2,229.303,233.702,231.5025
40.21,225.462,232.43,228.946
40.22,228.713,231.283,229.998
40.23,228.042,236.166,232.104
40.24,225.838,233.076,229.457
40.25,223.4,232.429,227.9145
40.26,228.304,231.923,230.1135
40.27,228.937,232.019,230.478
40.28,229.242,231.695,230.4685
40.29,228.182,235.102,231.642
40.3,226.462,234.305,230.3835
40.31,231.873,231.808,231.8405
40.32,230.945,235.203,233.074
40.33,229.528,233.702,231.615
40.34,229.086,234.285,231.6855
40.35,228.714,236.118,232.416
40.36,232.421,233.208,232.8145
40.37,231.941,231.217,231.579
40.38,230.327,231.648,230.9875
40.39,231.018,236.297,233.6575
40.4,233.919,234.521,234.22
40.41,230.997,231.055,231.026
40.42,228.098,227.991,228.0445
40.43,227.518,231.658,229.588
40.44,231.79,234.274,233.032
40.45,233.123,237.466,235.2945
40.46,232.616,233.746,233.181
40.47,232.517,235.691,234.104
40.48,230.211,232.827,231.519
40.49,230.011,234.472,232.2415
40.5,231.18,230.775,230.9775
40.51,230.557,234.607,232.582
40.52,232.472,235.166,233.819
40.53,228.369,235.727,232.048
40.54,231.028,232.459,231.7435
40.55,231.949,234.356,233.1525
40.56,228.242,234.2,231.221
40.57,230.067,234.529,232.298
40.58,227.323,231.038,229.1805
40.59,229.509,231.731,230.62
40.6,229.65,232.889,231.2695
40.61,233.435,235.155,234.295
40.62,230.321,237.482,233.9015
40.63,234.061,237.511,235.786
40.64,228.977,231.203,230.09
40.65,232.164,231.292,231.728
40.66,228.142,233.484,230.813
40.67,228.072,234.163,231.1175
40.68,229.854,230.231,230.0425
40.69,227.634,236.15,231.892
40.7,229.675,234.604,232.1395
40.71,228.969,232.466,230.7175
40.72,230.498,234.527,232.5125
40.73,229.124,234.096,231.61
40.74,231.413,236.192,233.8025
40.75,231.041,232.75,231.8955
40.76,228.06,233.559,230.8095
40.77,227.012,231.402,229.207
40.78,230.839,233.341,232.09
40.79,233.234,228.04,230.637
40.8,232.485,230.197,231.341
40.81,232.796,229.991,231.3935
40.82,232.906,225.662,229.284
40.83,230.712,229.873,230.2925
40.84,231.351,231.929,231.64
40.85,233.378,230.157,231.7675
40.86,231.951,228.113,230.032
40.87,234.563,233.128,233.8455
40.88,228.851,231.283,230.067
40.89,230.434,227.089,228.7615
40.9,232.498,228.643,230.5705
40.91,235.118,231.242,233.18
40.92,233.07,231.362,232.216
40.93,229.653,233.127,231.39
40.94,227.259,231.552,229.4055
40.95,232.964,234.374,233.669
40.96,233.859,231.104,232.4815
40.97,234.448,236.333,235.3905
40.98,232.767,234.892,233.8295
40.99,233.765,232.206,232.9855
41.0,230.839,231.825,231.332
41.01,230.535,228.811,229.673
41.02,228.326,234.856,231.591
41.03,230.899,233.983,232.441
41.04,232.933,234.248,233.5905
41.05,228.624,235.527,232.0755
41.06,231.229,233.399,232.314
41.07,229.353,232.232,230.7925
41.08,229.209,235.329,232.269
41.09,231.342,236.739,234.0405
41.1,227.799,234.08,230.9395
41.11,229.486,235.526,232.506
41.12,225.724,233.607,229.6655
41.13,227.63,232.323,229.9765
41.14,232.241,229.532,230.8865
41.15,230.96,233.216,232.088
41.16,232.488,234.241,233.3645
41.17,232.69,233.464,233.077
41.18,234.285,230.549,232.417
41.19,232.451,231.645,232.048
41.2,232.353,233.089,232.721
41.21,236.923,229.706,233.3145
41.22,234.113,229.615,231.864
41.23,232.643,231.121,231.882
41.24,235.28,231.705,233.4925
41.25,233.883,235.956,234.9195
41.26,237.624,231.49,234.557
41.27,235.954,230.874,233.414
41.28,234.35,228.096,231.223
41.29,234.179,233.19,233.6845
41.3,231.005,231.526,231.2655
41.31,234.555,230.696,232.6255
41.32,235.512,233.061,234.2865
41.33,233.133,236.355,234.744
41.34,233.068,231.394,232.231
41.35,231.912,232.275,232.0935
41.36,232.625,230.159,231.392
41.37,232.659,231.848,232.2535
41.38,232.286,233.041,232.6635
41.39,230.4,234.189,232.2945
41.4,228.838,234.328,231.583
41.41,229.992,234.523,232.2575
41.42,233.525,231.446,232.4855
41.43,231.881,232.55,232.2155
41.44,232.522,231.164,231.843
41.45,230.052,235.814,232.933
41.46,229.619,235.843,232.731
41.47,232.93,235.189,234.0595
41.48,229.595,235.517,232.556
41.49,232.535,231.86,232.1975
41.5,227.145,233.037,230.091
41.51,226.246,234.388,230.317
41.52,231.916,236.018,233.967
41.53,232.742,234.664,233.703
41.54,230.691,232.402,231.5465
41.55,232.844,235.186,234.015
41.56,232.428,234.056,233.242
41.57,236.288,234.856,235.572
41.58,233.065,232.0,232.5325
41.59,234.735,235.793,235.264
41.6,232.928,237.999,235.4635
41.61,232.505,236.291,234.398
41.62,230.744,237.082,233.913
41.63,230.336,233.357,231.8465
41.64,231.126,236.108,233.617
41.65,232.604,238.861,235.7325
41.66,231.607,238.766,235.1865
41.67,231.882,239.25,235.566
41.68,230.991,239.665,235.328
41.69,229.458,234.346,231.902
41.7,231.273,234.987,233.13
41.71,227.086,237.418,232.252
41.72,230.383,234.106,232.2445
41.73,230.304,237.954,234.129
41.74,228.839,233.078,230.9585
41.75,231.401,238.348,234.8745
41.76,228.762,239.683,234.2225
41.77,230.117,235.866,232.9915
41.78,228.765,235.88,232.3225
41.79,232.769,234.246,233.5075
41.8,229.524,235.238,232.381
41.81,228.063,238.416,233.2395
41.82,230.893,238.484,234.6885
41.83,230.861,233.904,232.3825
41.84,229.268,239.896,234.582
41.85,231.197,234.765,232.981
41.86,231.495,237.877,234.686
41.87,232.676,237.868,235.272
41.88,231.007,238.083,234.545
41.89,229.23,235.277,232.2535
41.9,231.428,235.881,233.6545
41.91,231.152,232.138,231.645
41.92,232.739,232.277,232.508
41.93,230.216,229.937,230.0765
41.94,230.893,232.638,231.7655
41.95,229.897,232.762,231.3295
41.96,231.185,239.961,235.573
41.97,234.991,235.861,235.426
41.98,235.772,236.412,236.092
41.99,231.835,235.836,233.8355
42.0,233.482,238.361,235.9215
42.01,230.459,236.889,233.674
42.02,234.085,237.851,235.968
42.03,232.24,237.324,234.782
42.04,229.824,236.136,232.98
42.05,230.131,240.058,235.0945
42.06,229.524,235.97,232.747
42.07,230.988,235.032,233.01
42.08,233.433,234.87,234.1515
42.09,232.083,239.046,235.5645
42.1,229.921,236.669,233.295
42.11,231.341,233.845,232.593
42.12,232.972,236.121,234.5465
42.13,232.543,231.703,232.123
42.14,231.781,236.344,234.0625
42.15,231.829,235.264,233.5465
42.16,230.381,233.752,232.0665
42.17,233.931,229.76,231.8455
42.18,233.508,234.018,233.763
42.19,231.283,231.312,231.2975
42.2,228.897,233.016,230.9565
42.21,227.484,235.078,231.281
42.22,232.865,231.782,232.3235
42.23,232.962,232.397,232.6795
42.24,233.52,231.81,232.665
42.25,233.349,233.178,233.2635
42.26,234.0,234.307,234.1535
42.27,233.343,231.641,232.492
42.28,230.624,231.075,230.8495
42.29,230.981,233.359,232.17
42.3,228.639,236.446,232.5425
42.31,231.101,231.123,231.112
42.32,232.852,233.11,232.981
42.33,230.995,227.303,229.149
42.34,227.213,232.532,229.8725
42.35,228.454,225.061,226.7575
42.36,229.943,229.666,229.8045
42.37,233.107,231.224,232.1655
42.38,230.557,234.775,232.666
42.39,232.438,231.908,232.173
42.4,233.146,230.571,231.8585
42.41,231.274,229.167,230.2205
42.42,234.55,229.961,232.2555
42.43,236.204,231.593,233.8985
42.44,231.527,229.931,230.729
42.45,231.378,231.143,231.2605
42.46,232.897,232.448,232.6725
42.47,232.792,228.791,230.7915
42.48,231.635,233.482,232.5585
42.49,233.421,231.39,232.4055
42.5,232.967,233.004,232.9855
42.51,233.375,233.291,233.333
42.52,232.649,233.468,233.0585
42.53,235.349,227.394,231.3715
42.54,234.492,231.075,232.7835
42.55,231.93,232.463,232.1965
42.56,232.093,233.451,232.772
42.57,234.759,230.987,232.873
42.58,233.32,227.86,230.59
42.59,230.219,231.984,231.1015
42.6,236.188,233.67,234.929
42.61,231.097,230.906,231.0015
42.62,230.39,231.075,230.7325
42.63,231.115,232.353,231.734
42.64,232.73,230.579,231.6545
42.65,232.676,232.302,232.489
42.66,232.35,231.863,232.1065
42.67,232.695,229.543,231.119
42.68,230.533,231.17,230.8515
42.69,231.061,232.178,231.6195
42.7,233.237,232.104,232.6705
42.71,231.076,229.274,230.175
42.72,229.631,229.462,229.5465
42.73,232.21,231.685,231.9475
42.74,229.868,232.714,231.291
42.75,224.942,227.523,226.2325
42.76,227.149,233.51,230.3295
42.77,230.396,234.109,232.2525
42.78,231.422,230.49,230.956
42.79,228.957,235.257,232.107
42.8,227.972,232.654,230.313
42.81,233.751,233.538,233.6445
42.82,230.683,234.804,232.7435
42.83,228.868,232.334,230.601
42.84,229.047,233.567,231.307
42.85,231.827,231.1,231.4635
42.86,228.528,232.76,230.644
42.87,229.849,230.229,230.039
42.88,230.679,233.032,231.8555
42.89,231.84,228.538,230.189
42.9,233.957,231.634,232.7955
42.91,231.696,235.175,233.4355
42.92,230.11,235.069,232.5895
42.93,229.855,230.712,230.2835
42.94,228.268,228.597,228.4325
42.95,229.759,226.421,228.09
42.96,228.096,229.951,229.0235
42.97,230.52,231.899,231.2095
42.98,230.377,234.746,232.5615
42.99,232.087,230.53,231.3085
43.0,233.269,229.568,231.4185
43.01,230.009,230.332,230.1705
43.02,234.076,227.907,230.9915
43.03,229.959,233.277,231.618
43.04,232.679,230.876,231.7775
43.05,231.373,228.632,230.0025
43.06,232.783,230.815,231.799
43.07,230.52,230.139,230.3295
43.08,233.367,229.436,231.4015
43.09,228.532,230.406,229.469
43.1,231.128,227.702,229.415
43.11,230.037,230.647,230.342
43.12,232.838,228.288,230.563
43.13,228.5,228.335,228.4175
43.14,231.319,231.061,231.19
43.15,228.914,230.546,229.73
43.16,233.065,232.595,232.83
43.17,235.153,231.802,233.4775
43.18,233.251,235.456,234.3535
43.19,233.738,230.112,231.925
43.2,233.306,230.983,232.1445
43.21,234.146,229.169,231.6575
43.22,232.969,231.118,232.0435
43.23,228.909,230.835,229.872
43.24,232.497,231.6,232.0485
43.25,232.165,227.877,230.021
43.26,230.539,230.627,230.583
43.27,230.372,226.673,228.5225
43.28,231.327,231.858,231.5925
43.29,229.118,227.794,228.456
43.3,230.752,232.313,231.5325
43.31,231.439,229.275,230.357
43.32,228.772,232.867,230.8195
43.33,227.23,233.356,230.293
43.34,227.289,232.458,229.8735
43.35,229.612,231.36,230.486
43.36,230.465,231.41,230.9375
43.37,230.571,231.265,230.918
43.38,233.863,235.108,234.4855
43.39,237.034,236.928,236.981
43.4,231.457,234.043,232.75
43.41,230.122,234.803,232.4625
43.42,234.148,234.118,234.133
43.43,228.133,231.84,229.9865
43.44,227.517,236.104,231.8105
43.45,229.699,231.715,230.707
43.46,228.451,231.474,229.9625
43.47,228.556,234.03,231.293
43.48,227.037,235.111,231.074
43.49,226.005,233.583,229.794
43.5,224.204,236.738,230.471
43.51,226.818,227.675,227.2465
43.52,225.654,233.644,229.649
43.53,222.851,231.484,227.1675
43.54,223.033,231.338,227.1855
43.55,226.843,231.029,228.936
43.56,224.62,228.215,226.4175
43.57,224.786,231.32,228.053
43.58,223.638,229.883,226.7605
43.59,224.63,231.494,228.062
43.6,223.095,229.914,226.5045
43.61,219.329,228.912,224.1205
43.62,222.898,232.267,227.5825
43.63,226.802,232.874,229.838
43.64,227.279,231.29,229.2845
43.65,224.544,227.724,226.134
43.66,223.298,227.933,225.6155
43.67,224.339,230.345,227.342
43.68,223.836,231.367,227.6015
43.69,223.24,230.132,226.686
43.7,222.175,230.815,226.495
43.71,226.366,231.93,229.148
43.72,225.942,231.912,228.927
43.73,228.321,228.248,228.2845
43.74,224.163,227.055,225.609
43.75,226.004,226.799,226.4015
43.76,228.876,227.667,228.2715
43.77,227.586,226.575,227.0805
43.78,230.168,226.799,228.4835
43.79,228.919,226.72,227.8195
43.8,228.518,226.572,227.545
43.81,228.999,228.821,228.91
43.82,225.191,226.134,225.6625
43.83,230.237,229.651,229.944
43.84,228.741,227.694,228.2175
43.85,227.672,226.459,227.0655
43.86,227.467,227.491,227.479
43.87,226.577,225.372,225.9745
43.88,228.746,224.977,226.8615
43.89,230.572,226.776,228.674
43.9,226.564,226.085,226.3245
43.91,230.579,225.224,227.9015
43.92,228.577,226.22,227.3985
43.93,229.609,224.992,227.3005
43.94,230.362,225.86,228.111
43.95,228.912,226.2,227.556
43.96,230.028,223.866,226.947
43.97,230.207,228.245,229.226
43.98,226.346,228.088,227.217
43.99,226.92,224.868,225.894
44.0,225.787,225.264,225.5255
44.01,226.122,227.768,226.945
44.02,228.136,228.53,228.333
44.03,226.123,226.126,226.1245
44.04,224.967,227.677,226.322
44.05,224.365,228.253,226.309
44.06,227.072,226.934,227.003
44.07,224.092,226.97,225.531
44.08,228.406,226.012,227.209
44.09,227.667,227.519,227.593
44.1,228.388,229.048,228.718
44.11,230.303,229.051,229.677
44.12,227.638,225.082,226.36
44.13,229.232,228.856,229.044
44.14,226.938,226.423,226.6805
44.15,226.754,226.654,226.704
44.16,227.321,224.952,226.1365
44.17,228.28,222.678,225.479
44.18,228.626,226.057,227.3415
44.19,227.367,228.937,228.152
44.2,231.033,226.547,228.79
44.21,231.606,227.108,229.357
44.22,228.12,229.447,228.7835
44.23,228.945,231.576,230.2605
44.24,227.324,230.278,228.801
44.25,225.639,229.47,227.5545
44.26,228.882,230.727,229.8045
44.27,229.948,227.991,228.9695
44.28,227.289,230.314,228.8015
44.29,223.514,226.664,225.089
44.3,227.794,230.77,229.282
44.31,229.484,229.227,229.3555
44.32,226.556,233.225,229.8905
44.33,226.89,230.354,228.622
44.34,223.435,229.93,226.6825
44.35,224.035,231.699,227.867
44.36,226.492,229.55,228.021
44.37,228.614,227.806,228.21
44.38,229.575,227.735,228.655
44.39,230.064,227.456,228.76
44.4,229.956,230.901,230.4285
44.41,230.703,229.716,230.2095
44.42,228.802,229.397,229.0995
44.43,229.873,231.262,230.5675
44.44,232.797,231.924,232.3605
44.45,231.214,230.658,230.936
44.46,230.296,230.867,230.5815
44.47,231.239,229.842,230.5405
44.48,231.148,232.085,231.6165
44.49,230.599,229.59,230.0945
44.5,228.761,233.849,231.305
44.51,230.265,233.354,231.8095
44.52,230.024,232.656,231.34
44.53,230.67,233.12,231.895
44.54,230.816,235.497,233.1565
44.55,225.608,231.606,228.607
44.56,224.739,231.051,227.895
44.57,226.865,230.223,228.544
44.58,226.048,234.078,230.063
44.59,227.56,231.635,229.5975
44.6,226.792,235.1,230.946
44.61,225.233,230.438,227.8355
44.62,227.254,224.578,225.916
44.63,226.837,226.722,226.7795
44.64,229.581,230.028,229.8045
44.65,226.975,232.582,229.7785
44.66,230.936,228.98,229.958
44.67,226.239,227.173,226.706
44.68,230.158,227.056,228.607
44.69,227.199,227.994,227.5965
44.7,228.692,232.395,230.5435
44.71,223.871,234.417,229.144
44.72,231.516,230.741,231.1285
44.73,227.484,230.959,229.2215
44.74,225.625,230.586,228.1055
44.75,225.801,232.707,229.254
44.76,227.782,231.268,229.525
44.77,223.004,228.409,225.7065
44.78,224.916,227.244,226.08
44.79,223.076,227.578,225.327
44.8,228.721,233.06,230.8905
44.81,225.437,230.827,228.132
44.82,225.215,229.622,227.4185
44.83,224.223,231.546,227.8845
44.84,228.303,230.932,229.6175
44.85,224.271,226.246,225.2585
44.86,224.341,231.71,228.0255
44.87,224.966,230.563,227.7645
44.88,226.979,230.457,228.718
44.89,223.123,231.732,227.4275
44.9,222.821,226.958,224.8895
44.91,223.555,230.764,227.1595
44.92,222.97,233.825,228.3975
44.93,227.083,228.983,228.033
44.94,225.269,229.879,227.574
44.95,225.189,232.307,228.748
44.96,225.13,228.036,226.583
44.97,228.716,227.598,228.157
44.98,229.311,227.302,228.3065
44.99,228.179,227.948,228.0635
45.0,231.2,231.295,231.2475
45.01,227.543,227.481,227.512
45.02,227.954,228.516,228.235
45.03,227.818,229.964,228.891
45.04,227.652,228.732,228.192
45.05,226.946,228.762,227.854
45.06,230.944,232.457,231.7005
45.07,228.522,233.297,230.9095
45.08,227.269,228.856,228.0625
45.09,225.679,225.831,225.755
45.1,227.274,229.147,228.2105
45.11,227.361,226.923,227.142
45.12,227.242,227.894,227.568
45.13,227.928,231.312,229.62
45.14,227.52,227.001,227.2605
45.15,226.664,227.042,226.853
45.16,229.896,226.471,228.1835
45.17,230.893,227.537,229.215
45.18,230.43,227.898,229.164
45.19,230.683,231.44,231.0615
45.2,228.875,229.593,229.234
45.21,228.047,232.204,230.1255
45.22,228.869,234.968,231.9185
45.23,230.534,229.225,229.8795
45.24,228.488,228.941,228.7145
45.25,230.108,227.488,228.798
45.26,228.987,229.233,229.11
45.27,227.691,228.7,228.1955
45.28,230.359,227.02,228.6895
45.29,230.161,229.216,229.6885
45.3,229.942,229.872,229.907
45.31,225.016,228.095,226.5555
45.32,228.605,228.428,228.5165
45.33,228.34,229.624,228.982
45.34,228.565,226.491,227.528
45.35,230.292,229.668,229.98
45.36,229.84,225.383,227.6115
45.37,228.136,229.321,228.7285
45.38,228.149,227.269,227.709
45.39,225.573,225.996,225.7845
45.4,226.489,225.742,226.1155
45.41,227.347,227.529,227.438
45.42,228.379,226.477,227.428
45.43,227.844,226.737,227.2905
45.44,231.04,228.197,229.6185
45.45,229.967,227.07,228.5185
45.46,227.304,227.873,227.5885
45.47,229.452,226.577,228.0145
45.48,226.468,226.665,226.5665
45.49,231.717,225.767,228.742
45.5,229.69,225.08,227.385
45.51,229.557,230.649,230.103
45.52,227.836,226.795,227.3155
45.53,227.6,227.072,227.336
45.54,231.99,221.303,226.6465
45.55,228.261,226.502,227.3815
45.56,229.539,226.496,228.0175
45.57,228.389,224.285,226.337
45.58,228.869,228.191,228.53
45.59,227.42,226.421,226.9205
45.6,230.178,226.001,228.0895
45.61,226.205,226.439,226.322
45.62,230.757,228.803,229.78
45.63,230.306,229.972,230.139
45.64,231.658,228.402,230.03
45.65,226.068,230.38,228.224
45.66,229.213,229.088,229.1505
45.67,227.914,228.429,228.1715
45.68,226.634,230.948,228.791
45.69,229.822,226.067,227.9445
45.7,226.06,228.124,227.092
45.71,228.393,225.622,227.0075
45.72,226.079,227.409,226.744
45.73,230.143,228.643,229.393
45.74,226.659,227.761,227.21
45.75,229.128,229.841,229.4845
45.76,231.767,228.883,230.325
45.77,229.257,225.606,227.4315
45.78,228.028,230.465,229.2465
45.79,230.087,225.856,227.9715
45.8,236.004,231.006,233.505
45.81,230.138,229.008,229.573
45.82,230.418,228.037,229.2275
45.83,229.796,231.454,230.625
45.84,229.611,230.251,229.931
45.85,226.5,228.691,227.5955
45.86,228.799,228.603,228.701
45.87,227.082,234.388,230.735
45.88,231.825,226.641,229.233
45.89,225.483,230.161,227.822
45.9,228.881,230.798,229.8395
45.91,229.041,230.995,230.018
45.92,229.048,231.816,230.432
45.93,230.874,230.792,230.833
45.94,227.714,231.888,229.801
45.95,230.735,230.898,230.8165
45.96,232.505,232.903,232.704
45.97,231.786,233.129,232.4575
45.98,233.861,233.419,233.64
45.99,230.752,231.625,231.1885
46.0,231.723,230.525,231.124
46.01,230.668,231.27,230.969
46.02,230.945,229.148,230.0465
46.03,231.896,227.792,229.844
46.04,232.386,231.406,231.896
46.05,231.275,230.839,231.057
46.06,228.127,229.19,228.6585
46.07,229.305,231.159,230.232
46.08,230.236,232.616,231.426
46.09,229.076,230.302,229.689
46.1,227.033,229.245,228.139
46.11,228.516,227.006,227.761
46.12,229.332,231.921,230.6265
46.13,226.904,228.264,227.584
46.14,227.601,229.399,228.5
46.15,232.185,228.144,230.1645
46.16,230.575,227.67,229.1225
46.17,225.175,230.402,227.7885
46.18,228.902,229.04,228.971
46.19,226.929,231.484,229.2065
46.2,231.296,231.334,231.315
46.21,228.611,236.35,232.4805
46.22,227.984,233.032,230.508
46.23,227.561,233.561,230.561
46.24,230.223,231.354,230.7885
46.25,227.617,229.129,228.373
46.26,228.807,232.598,230.7025
46.27,225.508,233.314,229.411
46.28,229.306,232.266,230.786
46.29,228.148,230.569,229.3585
46.3,227.969,234.11,231.0395
46.31,228.35,235.897,232.1235
46.32,228.82,232.08,230.45
46.33,227.303,236.239,231.771
46.34,226.741,233.508,230.1245
46.35,223.565,231.845,227.705
46.36,224.746,231.698,228.222
46.37,227.174,229.456,228.315
46.38,227.22,232.048,229.634
46.39,226.845,230.7,228.7725
46.4,230.34,231.464,230.902
46.41,229.903,231.128,230.5155
46.42,225.773,228.746,227.2595
46.43,226.592,231.216,228.904
46.44,227.585,232.429,230.007
46.45,226.472,232.289,229.3805
46.46,226.422,231.629,229.0255
46.47,224.635,233.358,228.9965
46.48,224.421,231.002,227.7115
46.49,226.136,230.704,228.42
46.5,227.837,230.914,229.3755
46.51,231.323,235.608,233.4655
46.52,231.067,233.707,232.387
46.53,227.642,232.692,230.167
46.54,228.389,236.932,232.6605
46.55,226.755,230.244,228.4995
46.56,227.486,232.461,229.9735
46.57,227.041,231.355,229.198
46.58,227.756,230.419,229.0875
46.59,229.041,230.992,230.0165
46.6,228.255,233.568,230.9115
46.61,225.648,230.769,228.2085
46.62,222.947,227.807,225.377
46.63,224.389,228.429,226.409
46.64,223.286,232.022,227.654
46.65,228.131,235.655,231.893
46.66,226.188,231.255,228.7215
46.67,226.612,232.924,229.768
46.68,225.332,230.797,228.0645
46.69,226.594,232.779,229.6865
46.7,229.514,234.662,232.088
46.71,226.112,231.902,229.007
46.72,221.864,231.912,226.888
46.73,223.164,230.286,226.725
46.74,225.25,229.87,227.56
46.75,226.628,230.064,228.346
46.76,224.46,227.572,226.016
46.77,226.056,230.02,228.038
46.78,227.767,229.725,228.746
46.79,225.984,228.942,227.463
46.8,227.466,225.862,226.664
46.81,228.11,229.318,228.714
46.82,228.319,225.88,227.0995
46.83,229.865,225.655,227.76
46.84,230.38,229.759,230.0695
46.85,225.034,231.533,228.2835
46.86,224.251,232.649,228.45
46.87,227.108,231.432,229.27
46.88,227.317,229.538,228.4275
46.89,229.521,227.312,228.4165
46.9,230.759,228.067,229.413
46.91,231.066,229.805,230.4355
46.92,225.34,229.096,227.218
46.93,227.255,229.764,228.5095
46.94,224.575,228.184,226.3795
46.95,223.163,230.025,226.594
46.96,226.883,227.445,227.164
46.97,227.359,226.462,226.9105
46.98,227.539,226.575,227.057
46.99,229.598,230.116,229.857
47.0,225.481,229.534,227.5075
47.01,224.812,230.781,227.7965
47.02,229.008,230.309,229.6585
47.03,230.807,232.761,231.784
47.04,229.88,230.085,229.9825
47.05,229.148,231.238,230.193
47.06,227.6,234.728,231.164
47.07,229.122,234.39,231.756
47.08,227.917,228.94,228.4285
47.09,225.154,231.797,228.4755
47.1,228.354,236.137,232.2455
47.11,227.323,234.417,230.87
47.12,230.906,231.614,231.26
47.13,225.593,236.184,230.8885
47.14,229.194,231.434,230.314
47.15,225.38,233.016,229.198
47.16,228.001,230.514,229.2575
47.17,224.559,233.091,228.825
47.18,228.746,235.395,232.0705
47.19,228.536,232.142,230.339
47.2,231.993,232.674,232.3335
47.21,227.772,230.447,229.1095
47.22,227.863,231.591,229.727
47.23,226.626,232.262,229.444
47.24,224.177,232.695,228.436
47.25,226.365,231.813,229.089
47.26,225.396,231.105,228.2505
47.27,224.671,232.56,228.6155
47.28,225.333,231.53,228.4315
47.29,222.791,232.754,227.7725
47.3,225.972,232.539,229.2555
47.31,226.972,233.981,230.4765
47.32,224.758,234.632,229.695
47.33,225.124,231.896,228.51
47.34,225.255,230.056,227.6555
47.35,224.575,231.74,228.1575
47.36,224.782,228.746,226.764
47.37,226.962,228.18,227.571
47.38,227.523,233.578,230.5505
47.39,226.825,230.451,228.638
47.4,226.692,224.393,225.5425
47.41,226.818,232.304,229.561
47.42,227.481,229.201,228.341
47.43,228.132,232.104,230.118
47.44,230.221,231.052,230.6365
47.45,228.931,232.559,230.745
47.46,228.907,232.802,230.8545
47.47,229.152,234.05,231.601
47.48,223.978,229.148,226.563
47.49,227.786,230.166,228.976
47.5,230.155,227.98,229.0675
47.51,229.38,225.668,227.524
47.52,230.736,228.009,229.3725
47.53,230.552,227.357,228.9545
47.54,228.582,228.31,228.446
47.55,226.093,224.757,225.425
47.56,227.118,227.658,227.388
47.57,228.032,225.747,226.8895
47.58,228.296,227.816,228.056
47.59,225.964,228.573,227.2685
47.6,229.182,224.073,226.6275
47.61,229.084,226.362,227.723
47.62,229.29,230.711,230.0005
47.63,227.754,227.95,227.852
47.64,228.471,227.344,227.9075
47.65,232.028,225.151,228.5895
47.66,227.98,228.705,228.3425
47.67,229.449,228.8,229.1245
47.68,229.474,232.205,230.8395
47.69,231.307,232.481,231.894
47.7,226.596,230.481,228.5385
47.71,229.989,229.737,229.863
47.72,229.27,228.454,228.862
47.73,228.05,228.837,228.4435
47.74,225.255,222.271,223.763
47.75,225.681,226.042,225.8615
47.76,227.58,226.047,226.8135
47.77,228.548,229.531,229.0395
47.78,226.986,227.935,227.4605
47.79,225.507,230.469,227.988
47.8,228.208,228.749,228.4785
47.81,229.194,229.678,229.436
47.82,229.268,224.871,227.0695
47.83,227.262,227.939,227.6005
47.84,226.858,226.98,226.919
47.85,227.325,229.034,228.1795
47.86,226.576,227.69,227.133
47.87,228.451,228.135,228.293
47.88,230.675,228.058,229.3665
47.89,227.335,225.667,226.501
47.9,225.963,224.724,225.3435
47.91,228.634,224.92,226.777
47.92,229.724,226.993,228.3585
47.93,229.55,228.066,228.808
47.94,232.557,229.351,230.954
47.95,234.172,228.215,231.1935
47.96,231.611,230.144,230.8775
47.97,231.877,225.146,228.5115
47.98,229.9,225.584,227.742
47.99,230.421,226.249,228.335
48.0,232.47,224.968,228.719
48.01,229.867,225.568,227.7175
48.02,227.322,226.718,227.02
48.03,230.99,226.148,228.569
48.04,230.388,224.447,227.4175
48.05,230.833,223.718,227.2755
48.06,231.63,224.861,228.2455
48.07,227.023,225.149,226.086
48.08,231.97,227.974,229.972
48.09,226.921,223.508,225.2145
48.1,229.247,227.479,228.363
48.11,229.273,227.584,228.4285
48.12,230.21,228.07,229.14
48.13,229.038,224.868,226.953
48.14,228.672,229.886,229.279
48.15,232.728,226.912,229.82
48.16,230.221,226.665,228.443
48.17,232.004,226.986,229.495
48.18,229.673,227.853,228.763
48.19,230.938,225.311,228.1245
48.2,231.007,228.029,229.518
48.21,231.455,226.104,228.7795
48.22,228.414,222.825,225.6195
48.23,229.855,229.012,229.4335
48.24,228.853,225.719,227.286
48.25,228.743,226.486,227.6145
48.26,230.693,227.12,228.9065
48.27,228.607,227.342,227.9745
48.28,232.177,228.726,230.4515
48.29,231.511,230.279,230.895
48.3,227.774,230.613,229.1935
48.31,226.708,225.848,226.278
48.32,226.611,226.032,226.3215
48.33,227.838,230.033,228.9355
48.34,226.839,225.82,226.3295
48.35,229.231,232.3,230.7655
48.36,232.231,229.777,231.004
48.37,231.804,228.003,229.9035
48.38,228.44,227.513,227.9765
48.39,227.73,227.969,227.8495
48.4,232.312,224.647,228.4795
48.41,228.629,226.605,227.617
48.42,229.359,224.461,226.91
48.43,231.575,227.405,229.49
48.44,228.033,229.507,228.77
48.45,227.802,231.437,229.6195
48.46,230.629,231.378,231.0035
48.47,230.142,225.547,227.8445
48.48,231.603,226.814,229.2085
48.49,229.907,230.029,229.968
48.5,227.973,229.789,228.881
48.51,231.824,229.406,230.615
48.52,231.536,228.915,230.2255
48.53,230.22,229.926,230.073
48.54,228.204,227.602,227.903
48.55,229.54,228.546,229.043
48.56,226.78,224.982,225.881
48.57,227.539,224.663,226.101
48.58,232.198,220.868,226.533
48.59,228.935,224.577,226.756
48.6,226.076,226.416,226.246
48.61,229.385,224.345,226.865
48.62,229.167,226.179,227.673
48.63,226.133,227.446,226.7895
48.64,225.603,228.926,227.2645
48.65,227.922,224.503,226.2125
48.66,230.027,223.88,226.9535
48.67,226.301,226.924,226.6125
48.68,226.609,228.164,227.3865
48.69,225.145,227.245,226.195
48.7,224.657,225.874,225.2655
48.71,225.905,221.86,223.8825
48.72,225.388,223.104,224.246
48.73,228.127,227.265,227.696
48.74,227.715,222.143,224.929
48.75,228.019,225.479,226.749
48.76,229.65,226.702,228.176
48.77,231.548,228.6,230.074
48.78,231.783,228.676,230.2295
48.79,231.174,224.12,227.647
48.8,230.082,227.672,228.877
48.81,231.359,225.012,228.1855
48.82,229.333,226.02,227.6765
48.83,233.28,228.365,230.8225
48.84,227.757,229.592,228.6745
48.85,230.527,224.311,227.419
48.86,230.236,228.158,229.197
48.87,229.105,230.353,229.729
48.88,227.248,226.913,227.0805
48.89,229.411,227.414,228.4125
48.9,223.819,230.255,227.037
48.91,224.228,230.218,227.223
48.92,227.691,228.183,227.937
48.93,225.316,229.241,227.2785
48.94,226.742,227.841,227.2915
48.95,229.576,229.752,229.664
48.96,232.107,231.365,231.736
48.97,229.668,227.443,228.5555
48.98,228.631,228.378,228.5045
48.99,227.435,232.092,229.7635
49.0,231.146,229.743,230.4445
49.01,229.518,228.659,229.0885
49.02,229.801,227.167,228.484
49.03,231.351,230.459,230.905
49.04,232.524,228.492,230.508
49.05,227.188,228.586,227.887
49.06,229.28,232.226,230.753
49.07,226.646,228.58,227.613
49.08,230.363,231.852,231.1075
49.09,229.148,229.541,229.3445
49.1,226.994,225.846,226.42
49.11,227.614,228.52,228.067
49.12,225.113,226.765,225.939
49.13,229.758,225.815,227.7865
49.14,228.353,226.329,227.341
49.15,223.773,228.527,226.15
49.16,226.006,230.863,228.4345
49.17,225.218,225.919,225.5685
49.18,224.87,228.957,226.9135
49.19,229.748,228.145,228.9465
49.2,229.637,228.738,229.1875
49.21,224.632,230.724,227.678
49.22,227.524,226.404,226.964
49.23,226.812,227.357,227.0845
49.24,228.253,226.333,227.293
49.25,228.066,229.288,228.677
49.26,225.941,228.331,227.136
49.27,232.452,228.627,230.5395
49.28,229.862,228.321,229.0915
49.29,226.812,228.773,227.7925
49.3,227.926,228.141,228.0335
49.31,233.347,230.28,231.8135
49.32,230.645,226.812,228.7285
49.33,229.351,229.946,229.6485
49.34,229.867,230.964,230.4155
49.35,227.631,231.727,229.679
49.36,229.394,230.033,229.7135
49.37,230.676,228.91,229.793
49.38,228.67,228.549,228.6095
49.39,229.38,232.528,230.954
49.4,227.513,231.664,229.5885
49.41,227.82,231.343,229.5815
49.42,230.284,232.784,231.534
49.43,228.372,230.183,229.2775
49.44,227.36,231.329,229.3445
49.45,231.164,232.498,231.831
49.46,227.905,227.855,227.88
49.47,227.176,232.341,229.7585
49.48,227.062,229.724,228.393
49.49,225.535,237.052,231.2935
49.5,229.4,235.13,232.265
49.51,228.517,234.04,231.2785
49.52,226.061,231.256,228.6585
49.53,228.371,228.312,228.3415
49.54,232.176,233.496,232.836
49.55,229.742,230.096,229.919
49.56,230.148,231.803,230.9755
49.57,228.829,233.464,231.1465
49.58,228.543,231.632,230.0875
49.59,225.248,231.772,228.51
49.6,224.006,230.016,227.011
49.61,226.948,232.877,229.9125
49.62,225.569,235.901,230.735
49.63,226.929,232.409,229.669
49.64,228.998,228.8,228.899
49.65,227.123,231.395,229.259
49.66,227.331,231.616,229.4735
49.67,226.497,233.044,229.7705
49.68,226.67,233.297,229.9835
49.69,227.93,231.79,229.86
49.7,227.288,235.634,231.461
49.71,227.001,235.079,231.04
49.72,226.492,228.707,227.5995
49.73,222.852,236.316,229.584
49.74,226.976,229.141,228.0585
49.75,225.538,229.154,227.346
49.76,230.974,230.489,230.7315
49.77,227.559,228.275,227.917
49.78,227.061,228.375,227.718
49.79,227.658,229.662,228.66
49.8,230.101,231.698,230.8995
49.81,227.772,235.402,231.587
49.82,223.513,232.305,227.909
49.83,225.41,230.491,227.9505
49.84,224.867,230.925,227.896
49.85,228.288,231.012,229.65
49.86,224.429,230.287,227.358
49.87,227.087,232.088,229.5875
49.88,227.065,233.566,230.3155
49.89,227.946,232.1,230.023
49.9,226.788,229.886,228.337
49.91,226.151,228.504,227.3275
49.92,226.568,228.948,227.758
49.93,229.851,227.203,228.527
49.94,227.544,228.701,228.1225
49.95,230.912,227.916,229.414
49.96,228.358,228.791,228.5745
49.97,230.344,230.496,230.42
49.98,229.486,234.401,231.9435
49.99,226.122,229.739,227.9305
50.0,229.642,228.397,229.0195
50.01,227.865,231.468,229.6665
50.02,229.109,232.832,230.9705
50.03,231.877,228.975,230.426
50.04,231.18,229.444,230.312
50.05,230.868,228.851,229.8595
50.06,229.569,229.094,229.3315
50.07,229.007,227.423,228.215
50.08,229.904,231.167,230.5355
50.09,230.852,231.57,231.211
50.1,230.582,231.366,230.974
50.11,232.117,234.245,233.181
50.12,227.142,229.662,228.402
50.13,230.699,231.077,230.888
50.14,228.543,231.46,230.0015
50.15,229.526,231.754,230.64
50.16,227.539,229.525,228.532
50.17,226.406,228.308,227.357
50.18,227.129,230.838,228.9835
50.19,228.94,226.517,227.7285
50.2,228.791,229.719,229.255
50.21,227.119,232.791,229.955
50.22,226.699,227.05,226.8745
50.23,227.325,230.873,229.099
50.24,227.953,232.447,230.2
50.25,227.89,231.231,229.5605
50.26,229.687,228.96,229.3235
50.27,227.899,228.014,227.9565
50.28,229.679,228.23,228.9545
50.29,228.588,229.367,228.9775
50.3,230.811,229.062,229.9365
50.31,229.404,228.731,229.0675
50.32,228.952,229.719,229.3355
50.33,230.005,230.207,230.106
50.34,231.476,230.083,230.7795
50.35,228.279,227.858,228.0685
50.36,229.331,231.017,230.174
50.37,228.152,229.115,228.6335
50.38,227.602,226.939,227.2705
50.39,232.495,230.587,231.541
50.4,230.647,227.665,229.156
50.41,229.863,230.941,230.402
50.42,226.216,230.208,228.212
50.43,226.21,229.656,227.933
50.44,224.276,228.367,226.3215
50.45,228.181,228.009,228.095
50.46,229.139,228.491,228.815
50.47,231.825,228.718,230.2715
50.48,226.365,229.559,227.962
50.49,227.175,233.132,230.1535
50.5,228.947,229.6,229.2735
50.51,228.449,233.03,230.7395
50.52,228.652,231.745,230.1985
50.53,224.205,231.25,227.7275
50.54,225.981,229.715,227.848
50.55,227.198,233.695,230.4465
50.56,229.141,230.186,229.6635
50.57,227.085,236.281,231.683
50.58,230.415,231.144,230.7795
50.59,231.821,230.041,230.931
50.6,228.234,230.031,229.1325
50.61,230.169,230.542,230.3555
50.62,229.394,229.542,229.468
50.63,233.966,233.298,233.632
50.64,229.521,232.185,230.853
50.65,230.443,233.743,232.093
50.66,230.962,232.3,231.631
50.67,230.09,228.77,229.43
50.68,227.728,230.371,229.0495
50.69,229.577,230.051,229.814
50.7,229.898,232.12,231.009
50.71,228.669,235.02,231.8445
50.72,235.074,228.044,231.559
50.73,231.163,230.914,231.0385
50.74,228.959,232.659,230.809
50.75,227.551,228.931,228.241
50.76,232.579,233.406,232.9925
50.77,232.213,232.05,232.1315
50.78,230.628,234.112,232.37
50.79,231.194,231.732,231.463
50.8,228.414,229.361,228.8875
50.81,232.246,230.008,231.127
50.82,232.219,232.916,232.5675
50.83,231.459,229.695,230.577
50.84,226.417,228.422,227.4195
50.85,227.272,234.881,231.0765
50.86,229.123,229.148,229.1355
50.87,229.54,229.378,229.459
50.88,231.486,229.363,230.4245
50.89,228.292,231.986,230.139
50.9,226.319,229.574,227.9465
50.91,228.213,226.103,227.158
50.92,231.139,229.033,230.086
50.93,230.422,231.762,231.092
50.94,226.9,232.595,229.7475
50.95,229.765,229.442,229.6035
50.96,229.325,229.089,229.207
50.97,228.277,232.085,230.181
50.98,227.308,233.004,230.156
50.99,229.373,230.066,229.7195
51.0,229.536,229.718,229.627
51.01,229.257,228.656,228.9565
51.02,228.925,231.79,230.3575
51.03,229.366,231.773,230.5695
51.04,232.913,230.237,231.575
51.05,228.665,232.412,230.5385
51.06,228.43,231.428,229.929
51.07,229.607,233.71,231.6585
51.08,230.727,231.913,231.32
51.09,229.263,231.5,230.3815
51.1,228.843,233.146,230.9945
51.11,229.459,229.494,229.4765
51.12,227.559,230.591,229.075
51.13,227.971,231.751,229.861
51.14,230.961,230.677,230.819
51.15,227.492,232.145,229.8185
51.16,232.004,232.747,232.3755
51.17,231.496,229.21,230.353
51.18,232.243,229.6,230.9215
51.19,230.267,231.901,231.084
51.2,231.968,231.384,231.676
51.21,226.214,231.505,228.8595
51.22,229.027,231.805,230.416
51.23,225.897,231.777,228.837
51.24,227.368,229.979,228.6735
51.25,226.831,231.515,229.173
51.26,226.496,226.816,226.656
51.27,228.379,231.326,229.8525
51.28,227.348,228.134,227.741
51.29,229.02,228.045,228.5325
51.3,229.897,228.302,229.0995
51.31,228.226,229.996,229.111
51.32,230.907,228.195,229.551
51.33,227.804,228.656,228.23
51.34,228.02,231.189,229.6045
51.35,230.693,230.216,230.4545
51.36,231.438,231.374,231.406
51.37,236.254,231.074,233.664
51.38,232.194,230.659,231.4265
51.39,232.303,229.872,231.0875
51.4,235.458,227.109,231.2835
51.41,234.211,230.979,232.595
51.42,232.415,231.549,231.982
51.43,231.919,232.153,232.036
51.44,228.995,234.479,231.737
51.45,230.381,231.113,230.747
51.46,230.669,230.803,230.736
51.47,230.176,230.963,230.5695
51.48,227.816,231.749,229.7825
51.49,228.96,235.438,232.199
51.5,228.867,233.653,231.26
51.51,231.914,229.505,230.7095
51.52,229.875,227.856,228.8655
51.53,230.194,230.401,230.2975
51.54,227.506,232.559,230.0325
51.55,230.537,230.647,230.592
51.56,227.701,231.192,229.4465
51.57,225.67,228.702,227.186
51.58,228.68,231.559,230.1195
51.59,228.004,227.335,227.6695
51.6,227.236,232.541,229.8885
51.61,227.463,233.187,230.325
51.62,226.565,230.32,228.4425
51.63,226.708,235.782,231.245
51.64,226.453,232.054,229.2535
51.65,225.421,231.643,228.532
51.66,227.913,230.007,228.96
51.67,227.369,227.902,227.6355
51.68,228.296,231.438,229.867
51.69,226.824,232.047,229.4355
51.7,223.673,232.546,228.1095
51.71,223.783,229.491,226.637
51.72,224.628,229.71,227.169
51.73,223.336,230.379,226.8575
51.74,228.123,228.69,228.4065
51.75,230.881,230.69,230.7855
51.76,228.055,231.359,229.707
51.77,227.334,234.086,230.71
51.78,228.779,233.959,231.369
51.79,228.844,232.611,230.7275
51.8,229.697,232.114,230.9055
51.81,229.689,230.19,229.9395
51.82,226.422,231.115,228.7685
51.83,229.884,234.305,232.0945
51.84,228.085,234.427,231.256
51.85,229.331,229.019,229.175
51.86,229.297,232.047,230.672
51.87,226.207,231.7,228.9535
51.88,226.268,229.926,228.097
51.89,227.626,230.917,229.2715
51.9,229.098,229.135,229.1165
51.91,231.954,228.151,230.0525
51.92,228.516,232.567,230.5415
51.93,227.727,230.204,228.9655
51.94,230.187,232.458,231.3225
51.95,229.015,231.904,230.4595
51.96,228.223,232.945,230.584
51.97,226.456,233.438,229.947
51.98,230.003,236.089,233.046
51.99,230.189,231.409,230.799
52.0,227.26,231.805,229.5325
52.01,228.633,230.404,229.5185
52.02,226.172,228.527,227.3495
52.03,227.281,229.637,228.459
52.04,226.434,231.055,228.7445
52.05,228.417,231.797,230.107
52.06,227.482,229.983,228.7325
52.07,225.154,231.625,228.3895
52.08,228.157,231.35,229.7535
52.09,227.07,231.406,229.238
52.1,229.887,229.014,229.4505
52.11,226.99,231.366,229.178
52.12,228.221,229.142,228.6815
52.13,228.794,232.479,230.6365
52.14,226.153,229.719,227.936
52.15,223.36,230.519,226.9395
52.16,228.016,233.673,230.8445
52.17,228.42,227.959,228.1895
52.18,226.566,228.043,227.3045
52.19,223.628,232.39,228.009
52.2,223.334,229.806,226.57
52.21,224.867,226.482,225.6745
52.22,223.926,230.539,227.2325
52.23,225.316,227.812,226.564
52.24,227.361,231.243,229.302
52.25,229.143,226.523,227.833
52.26,228.469,227.923,228.196
52.27,231.483,228.807,230.145
52.28,225.136,229.292,227.214
52.29,226.648,229.403,228.0255
52.3,231.302,228.262,229.782
52.31,228.161,230.142,229.1515
52.32,231.292,228.039,229.6655
52.33,228.081,229.859,228.97
52.34,228.669,229.273,228.971
52.35,230.715,231.285,231.0
52.36,228.394,232.045,230.2195
52.37,227.892,228.849,228.3705
52.38,230.182,231.763,230.9725
52.39,230.876,232.463,231.6695
52.4,228.623,229.732,229.1775
52.41,228.546,228.412,228.479
52.42,231.747,228.094,229.9205
52.43,230.274,228.861,229.5675
52.44,231.854,229.558,230.706
52.45,230.115,227.858,228.9865
52.46,228.157,235.064,231.6105
52.47,227.811,232.427,230.119
52.48,226.856,227.603,227.2295
52.49,224.979,228.951,226.965
52.5,227.309,230.76,229.0345
52.51,228.562,231.382,229.972
52.52,226.684,234.085,230.3845
52.53,228.698,229.719,229.2085
52.54,234.46,231.451,232.9555
52.55,228.196,230.92,229.558
52.56,232.133,230.396,231.2645
52.57,229.432,227.237,228.3345
52.58,230.988,230.581,230.7845
52.59,227.382,226.929,227.1555
52.6,227.274,227.205,227.2395
52.61,225.051,228.486,226.7685
52.62,231.153,226.512,228.8325
52.63,227.342,228.861,228.1015
52.64,231.821,232.121,231.971
52.65,229.31,228.045,228.6775
52.66,226.443,229.507,227.975
52.67,229.409,232.523,230.966
52.68,227.272,231.991,229.6315
52.69,230.269,229.099,229.684
52.7,225.302,228.443,226.8725
52.71,225.535,224.923,225.229
52.72,223.53,226.685,225.1075
52.73,224.099,227.88,225.9895
52.74,226.361,230.365,228.363
52.75,225.783,229.189,227.486
52.76,225.532,231.221,228.3765
52.77,230.442,228.677,229.5595
52.78,230.936,230.956,230.946
52.79,227.177,227.884,227.5305
52.8,224.974,231.399,228.1865
52.81,230.545,231.541,231.043
52.82,229.764,232.285,231.0245
52.83,233.04,226.697,229.8685
52.84,226.662,229.02,227.841
52.85,227.717,229.943,228.83
52.86,229.868,228.91,229.389
52.87,232.034,229.312,230.673
52.88,231.79,230.421,231.1055
52.89,233.514,228.327,230.9205
52.9,228.328,230.006,229.167
52.91,231.599,229.673,230.636
52.92,233.642,227.257,230.4495
52.93,231.576,231.127,231.3515
52.94,228.165,229.21,228.6875
52.95,227.341,228.448,227.8945
52.96,230.953,232.214,231.5835
52.97,228.686,228.06,228.373
52.98,229.041,226.488,227.7645
52.99,229.264,227.916,228.59
53.0,232.316,230.625,231.4705
53.01,230.943,230.221,230.582
53.02,229.357,225.606,227.4815
53.03,230.297,225.835,228.066
53.04,229.385,230.733,230.059
53.05,229.053,224.903,226.978
53.06,229.217,228.065,228.641
53.07,232.983,229.207,231.095
53.08,232.024,230.917,231.4705
53.09,229.646,226.294,227.97
53.1,231.355,225.481,228.418
53.11,228.784,224.315,226.5495
53.12,232.352,227.756,230.054
53.13,228.401,226.373,227.387
53.14,228.58,225.094,226.837
53.15,228.963,224.88,226.9215
53.16,232.23,229.463,230.8465
53.17,228.135,225.695,226.915
53.18,231.134,227.351,229.2425
53.19,232.249,221.227,226.738
53.2,233.222,224.196,228.709
53.21,231.099,226.62,228.8595
53.22,228.059,231.793,229.926
53.23,231.813,228.489,230.151
53.24,230.305,224.876,227.5905
53.25,229.223,228.487,228.855
53.26,230.079,227.727,228.903
53.27,230.046,231.933,230.9895
53.28,228.052,227.251,227.6515
53.29,231.789,229.27,230.5295
53.3,232.486,227.977,230.2315
53.31,231.819,229.35,230.5845
53.32,232.349,229.984,231.1665
53.33,228.862,226.518,227.69
53.34,232.417,223.051,227.734
53.35,231.685,227.747,229.716
53.36,230.416,227.785,229.1005
53.37,228.53,225.718,227.124
53.38,227.735,227.244,227.4895
53.39,227.878,230.671,229.2745
53.4,228.478,229.468,228.973
53.41,232.088,230.666,231.377
53.42,232.085,233.541,232.813
53.43,232.714,233.223,232.9685
53.44,228.508,227.632,228.07
53.45,228.946,228.919,228.9325
53.46,231.963,230.858,231.4105
53.47,230.362,231.187,230.7745
53.48,227.15,230.525,228.8375
53.49,228.844,225.633,227.2385
53.5,229.008,226.828,227.918
53.51,230.754,224.856,227.805
53.52,228.562,229.626,229.094
53.53,226.225,230.747,228.486
53.54,229.244,229.704,229.474
53.55,229.833,231.74,230.7865
53.56,232.175,229.433,230.804
53.57,228.99,231.141,230.0655
53.58,230.411,230.561,230.486
53.59,230.495,228.932,229.7135
53.6,228.793,229.286,229.0395
53.61,228.457,227.645,228.051
53.62,228.183,226.499,227.341
53.63,231.477,223.12,227.2985
53.64,229.803,231.105,230.454
53.65,234.739,227.982,231.3605
53.66,230.8,226.984,228.892
53.67,232.659,231.044,231.8515
53.68,232.13,226.454,229.292
53.69,230.445,234.593,232.519
53.7,229.549,229.558,229.5535
53.71,231.987,230.192,231.0895
53.72,232.332,231.27,231.801
53.73,233.204,228.485,230.8445
53.74,229.36,230.322,229.841
53.75,230.308,232.894,231.601
53.76,229.02,227.17,228.095
53.77,228.888,230.906,229.897
53.78,230.296,227.04,228.668
53.79,227.256,230.091,228.6735
53.8,230.349,227.936,229.1425
53.81,231.692,230.494,231.093
53.82,229.675,231.192,230.4335
53.83,230.719,233.607,232.163
53.84,233.101,229.002,231.0515
53.85,234.106,231.268,232.687
53.86,234.011,230.266,232.1385
53.87,232.166,230.681,231.4235
53.88,231.195,232.174,231.6845
53.89,232.532,230.655,231.5935
53.9,230.829,234.706,232.7675
53.91,232.666,230.213,231.4395
53.92,230.071,226.535,228.303
53.93,232.405,229.213,230.809
53.94,230.569,231.955,231.262
53.95,229.801,228.599,229.2
53.96,230.972,225.301,228.1365
53.97,232.246,228.418,230.332
53.98,230.564,227.983,229.2735
53.99,226.861,228.677,227.769
54.0,233.153,231.147,232.15
54.01,229.64,226.719,228.1795
54.02,230.634,229.497,230.0655
54.03,232.083,225.141,228.612
54.04,230.495,229.766,230.1305
54.05,228.168,230.135,229.1515
54.06,226.133,228.394,227.2635
54.07,228.537,227.913,228.225
54.08,234.123,230.688,232.4055
54.09,233.488,231.129,232.3085
54.1,228.446,230.05,229.248
54.11,229.213,229.734,229.4735
54.12,232.036,229.332,230.684
54.13,232.46,229.521,230.9905
54.14,231.682,229.242,230.462
54.15,229.106,230.025,229.5655
54.16,233.596,227.345,230.4705
54.17,232.761,229.179,230.97
54.18,231.404,229.064,230.234
54.19,231.633,231.098,231.3655
54.2,231.3,227.674,229.487
54.21,226.937,227.093,227.015
54.22,232.668,229.082,230.875
54.23,230.565,228.303,229.434
54.24,229.644,228.212,228.928
54.25,227.819,231.245,229.532
54.26,229.464,227.875,228.6695
54.27,233.696,225.857,229.7765
54.28,230.267,231.821,231.044
54.29,229.787,231.382,230.5845
54.3,230.372,226.864,228.618
54.31,232.285,230.469,231.377
54.32,232.561,228.066,230.3135
54.33,230.323,230.998,230.6605
54.34,231.394,227.699,229.5465
54.35,228.706,234.24,231.473
54.36,231.149,231.11,231.1295
54.37,228.385,232.127,230.256
54.38,230.065,231.919,230.992
54.39,228.982,231.321,230.1515
54.4,230.375,229.226,229.8005
54.41,229.85,228.155,229.0025
54.42,231.99,228.106,230.048
54.43,228.953,229.22,229.0865
54.44,233.145,230.604,231.8745
54.45,231.95,228.15,230.05
54.46,227.009,229.352,228.1805
54.47,231.462,228.328,229.895
54.48,228.621,226.09,227.3555
54.49,229.656,230.327,229.9915
54.5,229.581,228.184,228.8825
54.51,229.755,224.445,227.1
54.52,230.292,227.967,229.1295
54.53,229.6,228.044,228.822
54.54,230.353,226.751,228.552
54.55,228.775,228.761,228.768
54.56,230.678,228.921,229.7995
54.57,229.286,229.804,229.545
54.58,229.819,228.296,229.0575
54.59,229.874,225.721,227.7975
54.6,229.277,227.678,228.4775
54.61,229.595,228.859,229.227
54.62,230.15,227.735,228.9425
54.63,228.647,228.972,228.8095
54.64,226.357,231.207,228.782
54.65,226.204,224.583,225.3935
54.66,230.211,230.23,230.2205
54.67,227.49,231.547,229.5185
54.68,228.92,230.617,229.7685
54.69,230.041,229.729,229.885
54.7,228.739,231.661,230.2
54.71,229.918,231.589,230.7535
54.72,228.953,230.245,229.599
54.73,228.483,227.444,227.9635
54.74,230.003,229.601,229.802
54.75,225.514,233.273,229.3935
54.76,225.241,228.656,226.9485
54.77,227.434,229.168,228.301
54.78,227.487,226.717,227.102
54.79,226.551,228.602,227.5765
54.8,230.027,231.431,230.729
54.81,230.228,229.532,229.88
54.82,228.702,230.904,229.803
54.83,229.468,232.227,230.8475
54.84,227.469,232.011,229.74
54.85,226.314,228.222,227.268
54.86,223.86,229.548,226.704
54.87,230.866,230.79,230.828
54.88,225.511,232.84,229.1755
54.89,229.368,234.045,231.7065
54.9,230.878,233.64,232.259
54.91,227.279,230.885,229.082
54.92,226.854,231.51,229.182
54.93,232.697,230.954,231.8255
54.94,232.707,232.112,232.4095
54.95,227.258,233.669,230.4635
54.96,230.036,231.5,230.768
54.97,227.831,230.27,229.0505
54.98,224.306,233.15,228.728
54.99,226.028,230.745,228.3865
55.0,230.854,230.157,230.5055
55.01,228.576,229.745,229.1605
55.02,228.882,228.527,228.7045
55.03,230.398,228.917,229.6575
55.04,226.774,231.932,229.353
55.05,226.509,230.801,228.655
55.06,231.872,232.397,232.1345
55.07,231.381,230.541,230.961
55.08,231.574,231.393,231.4835
55.09,232.183,229.028,230.6055
55.1,228.749,228.972,228.8605
55.11,231.143,231.825,231.484
55.12,237.042,230.158,233.6
55.13,230.018,227.366,228.692
55.14,230.349,224.676,227.5125
55.15,233.033,227.372,230.2025
55.16,230.56,228.189,229.3745
55.17,230.465,227.602,229.0335
55.18,231.73,230.225,230.9775
55.19,228.572,227.502,228.037
55.2,231.431,226.368,228.8995
55.21,230.319,228.483,229.401
55.22,232.124,227.946,230.035
55.23,229.72,226.675,228.1975
55.24,228.135,229.091,228.613
55.25,231.779,232.0,231.8895
55.26,230.062,228.304,229.183
55.27,233.661,231.145,232.403
55.28,233.197,226.754,229.9755
55.29,231.693,230.143,230.918
55.3,229.92,228.204,229.062
55.31,234.052,228.706,231.379
55.32,235.684,230.389,233.0365
55.33,230.962,226.178,228.57
55.34,232.021,229.515,230.768
55.35,233.133,229.56,231.3465
55.36,233.598,232.184,232.891
55.37,230.765,228.585,229.675
55.38,233.972,231.105,232.5385
55.39,231.231,231.254,231.2425
55.4,235.483,232.102,233.7925
55.41,236.498,230.195,233.3465
55.42,235.375,230.477,232.926
55.43,233.316,231.523,232.4195
55.44,231.963,231.366,231.6645
55.45,230.775,232.645,231.71
55.46,233.353,235.484,234.4185
55.47,231.947,231.021,231.484
55.48,230.112,229.848,229.98
55.49,232.197,234.219,233.208
55.5,227.599,234.254,230.9265
55.51,228.986,234.594,231.79
55.52,226.931,233.442,230.1865
55.53,230.047,233.489,231.768
55.54,228.944,226.625,227.7845
55.55,230.139,230.291,230.215
55.56,233.152,233.865,233.5085
55.57,231.315,233.019,232.167
55.58,228.074,234.03,231.052
55.59,233.35,233.642,233.496
55.6,231.619,234.163,232.891
55.61,233.977,235.152,234.5645
55.62,229.025,236.813,232.919
55.63,229.641,234.185,231.913
55.64,229.27,236.193,232.7315
55.65,232.994,233.199,233.0965
55.66,235.499,236.859,236.179
55.67,231.043,236.103,233.573
55.68,231.387,234.607,232.997
55.69,232.119,234.934,233.5265
55.7,233.658,240.002,236.83
55.71,229.351,236.681,233.016
55.72,234.146,236.129,235.1375
55.73,237.897,236.518,237.2075
55.74,231.139,234.997,233.068
55.75,230.652,234.693,232.6725
55.76,232.334,238.235,235.2845
55.77,229.549,233.857,231.703
55.78,232.934,235.719,234.3265
55.79,232.85,233.355,233.1025
55.8,233.735,233.764,233.7495
55.81,233.61,233.087,233.3485
55.82,234.472,234.081,234.2765
55.83,234.558,236.843,235.7005
55.84,236.434,234.695,235.5645
55.85,234.041,234.769,234.405
55.86,232.465,236.525,234.495
55.87,237.054,235.918,236.486
55.88,234.594,234.143,234.3685
55.89,235.714,232.892,234.303
55.9,235.242,236.323,235.7825
55.91,234.51,236.048,235.279
55.92,233.85,235.858,234.854
55.93,234.227,233.645,233.936
55.94,231.313,231.783,231.548
55.95,233.154,236.217,234.6855
55.96,233.465,231.574,232.5195
55.97,230.033,235.637,232.835
55.98,233.623,235.755,234.689
55.99,234.144,230.094,232.119
56.0,232.31,231.035,231.6725
56.01,231.195,229.742,230.4685
56.02,232.585,233.972,233.2785
56.03,231.189,233.144,232.1665
56.04,233.97,231.926,232.948
56.05,232.003,231.027,231.515
56.06,236.939,234.297,235.618
56.07,236.037,236.62,236.3285
56.08,234.472,236.249,235.3605
56.09,236.274,234.574,235.424
56.1,231.849,231.711,231.78
56.11,233.041,234.913,233.977
56.12,234.833,231.494,233.1635
56.13,233.845,234.33,234.0875
56.14,234.461,235.382,234.9215
56.15,236.496,233.164,234.83
56.16,237.828,236.268,237.048
56.17,237.289,234.354,235.8215
56.18,237.146,233.902,235.524
56.19,236.356,233.993,235.1745
56.2,237.393,233.459,235.426
56.21,234.995,236.935,235.965
56.22,233.488,232.696,233.092
56.23,230.14,234.275,232.2075
56.24,230.084,232.306,231.195
56.25,234.921,234.092,234.5065
56.26,236.038,229.307,232.6725
56.27,232.435,232.991,232.713
56.28,233.341,230.967,232.154
56.29,232.365,233.621,232.993
56.3,236.35,233.081,234.7155
56.31,234.031,233.497,233.764
56.32,234.506,235.115,234.8105
56.33,236.176,234.724,235.45
56.34,234.158,233.38,233.769
56.35,237.967,230.21,234.0885
56.36,235.212,235.162,235.187
56.37,234.053,232.01,233.0315
56.38,233.103,232.492,232.7975
56.39,239.481,233.302,236.3915
56.4,237.031,230.273,233.652
56.41,233.684,231.111,232.3975
56.42,231.276,233.271,232.2735
56.43,233.046,233.988,233.517
56.44,237.279,229.864,233.5715
56.45,234.395,232.959,233.677
56.46,233.153,231.325,232.239
56.47,235.245,234.71,234.9775
56.48,240.914,233.224,237.069
56.49,235.152,233.001,234.0765
56.5,230.844,232.615,231.7295
56.51,232.808,232.277,232.5425
56.52,231.795,235.279,233.537
56.53,233.192,229.89,231.541
56.54,233.952,232.288,233.12
56.55,231.73,232.979,232.3545
56.56,232.253,231.7,231.9765
56.57,234.531,233.473,234.002
56.58,235.44,233.309,234.3745
56.59,235.348,236.951,236.1495
56.6,234.87,237.806,236.338
56.61,233.7,235.193,234.4465
56.62,233.971,231.661,232.816
56.63,234.357,234.659,234.508
56.64,235.707,236.189,235.948
56.65,234.52,234.596,234.558
56.66,232.405,233.439,232.922
56.67,232.121,234.302,233.2115
56.68,233.509,236.742,235.1255
56.69,231.84,231.657,231.7485
56.7,235.438,232.368,233.903
56.71,229.584,231.192,230.388
56.72,234.485,235.568,235.0265
56.73,234.067,234.616,234.3415
56.74,230.311,231.512,230.9115
56.75,228.51,232.747,230.6285
56.76,233.387,230.841,232.114
56.77,233.334,235.236,234.285
56.78,233.489,228.985,231.237
56.79,234.81,237.877,236.3435
56.8,235.423,230.975,233.199
56.81,230.698,234.764,232.731
56.82,235.012,231.469,233.2405
56.83,230.978,231.609,231.2935
56.84,232.945,233.266,233.1055
56.85,226.335,233.167,229.751
56.86,230.117,234.022,232.0695
56.87,231.748,231.682,231.715
56.88,228.68,236.536,232.608
56.89,229.003,234.755,231.879
56.9,232.112,234.017,233.0645
56.91,229.187,232.041,230.614
56.92,232.352,232.485,232.4185
56.93,233.161,233.487,233.324
56.94,230.398,235.107,232.7525
56.95,231.433,233.923,232.678
56.96,230.409,233.535,231.972
56.97,228.541,237.496,233.0185
56.98,231.556,233.963,232.7595
56.99,229.511,232.884,231.1975
57.0,227.981,232.669,230.325
57.01,228.521,234.767,231.644
57.02,231.646,232.405,232.0255
57.03,232.574,230.614,231.594
57.04,229.652,228.382,229.017
57.05,230.348,228.237,229.2925
57.06,230.535,232.061,231.298
57.07,230.68,235.107,232.8935
57.08,230.377,233.193,231.785
57.09,230.47,229.922,230.196
57.1,234.187,233.179,233.683
57.11,232.588,232.995,232.7915
57.12,232.683,231.91,232.2965
57.13,229.363,232.422,230.8925
57.14,233.272,229.149,231.2105
57.15,236.552,233.935,235.2435
57.16,230.31,231.225,230.7675
57.17,233.866,234.082,233.974
57.18,230.048,232.775,231.4115
57.19,232.169,233.268,232.7185
57.2,231.716,235.744,233.73
57.21,233.765,234.054,233.9095
57.22,231.082,235.719,233.4005
57.23,230.628,237.408,234.018
57.24,228.685,231.699,230.192
57.25,230.617,234.215,232.416
57.26,228.511,231.058,229.7845
57.27,226.988,231.997,229.4925
57.28,230.128,234.545,232.3365
57.29,237.135,232.949,235.042
57.3,230.511,232.393,231.452
57.31,232.238,235.538,233.888
57.32,233.823,234.266,234.0445
57.33,232.057,234.97,233.5135
57.34,230.342,237.15,233.746
57.35,232.174,235.389,233.7815
57.36,230.035,234.156,232.0955
57.37,231.825,231.96,231.8925
57.38,228.774,236.316,232.545
57.39,229.768,235.032,232.4
57.4,229.575,234.122,231.8485
57.41,229.978,231.082,230.53
57.42,228.738,234.063,231.4005
57.43,229.1,236.591,232.8455
57.44,232.316,236.373,234.3445
57.45,230.317,232.754,231.5355
57.46,230.488,232.763,231.6255
57.47,232.479,234.006,233.2425
57.48,229.227,231.873,230.55
57.49,228.741,232.821,230.781
57.5,228.116,236.246,232.181
57.51,233.494,237.953,235.7235
57.52,228.76,239.721,234.2405
57.53,232.936,235.668,234.302
57.54,232.769,238.368,235.5685
57.55,234.238,235.196,234.717
57.56,230.648,235.575,233.1115
57.57,234.799,236.599,235.699
57.58,231.928,234.55,233.239
57.59,234.001,236.637,235.319
57.6,236.664,238.172,237.418
57.61,234.078,241.263,237.6705
57.62,234.758,238.213,236.4855
57.63,235.064,240.931,237.9975
57.64,234.423,236.7,235.5615
57.65,236.212,237.124,236.668
57.66,233.854,235.515,234.6845
57.67,233.597,237.022,235.3095
57.68,232.628,235.531,234.0795
57.69,236.538,236.124,236.331
57.7,234.266,235.867,235.0665
57.71,234.53,234.253,234.3915
57.72,233.794,234.465,234.1295
57.73,235.834,233.893,234.8635
57.74,232.693,235.42,234.0565
57.75,233.646,238.082,235.864
57.76,234.887,234.018,234.4525
57.77,232.228,231.314,231.771
57.78,232.227,234.628,233.4275
57.79,231.336,236.412,233.874
57.8,231.074,235.184,233.129
57.81,233.19,230.991,232.0905
57.82,233.394,231.604,232.499
57.83,229.731,233.12,231.4255
57.84,231.139,232.534,231.8365
57.85,229.289,234.276,231.7825
57.86,229.95,232.267,231.1085
57.87,231.266,236.133,233.6995
57.88,235.348,234.547,234.9475
57.89,229.885,234.792,232.3385
57.9,231.462,232.044,231.753
57.91,232.471,234.269,233.37
57.92,232.155,235.858,234.0065
57.93,229.521,237.26,233.3905
57.94,229.543,242.513,236.028
57.95,229.888,234.795,232.3415
57.96,231.588,234.187,232.8875
57.97,229.429,234.686,232.0575
57.98,232.63,238.298,235.464
57.99,226.938,235.624,231.281
58.0,229.491,233.152,231.3215
58.01,231.128,233.24,232.184
58.02,232.117,229.457,230.787
58.03,227.144,232.392,229.768
58.04,227.572,235.785,231.6785
58.05,230.664,233.066,231.865
58.06,230.756,231.425,231.0905
58.07,231.667,232.361,232.014
58.08,231.022,232.911,231.9665
58.09,235.275,236.221,235.748
58.1,234.612,236.546,235.579
58.11,234.551,232.358,233.4545
58.12,228.826,233.887,231.3565
58.13,236.754,232.186,234.47
58.14,235.276,233.207,234.2415
58.15,229.355,227.432,228.3935
58.16,230.413,230.221,230.317
58.17,231.861,230.991,231.426
58.18,231.2,229.487,230.3435
58.19,228.598,227.242,227.92
58.2,228.773,230.564,229.6685
58.21,235.078,229.031,232.0545
58.22,235.145,229.685,232.415
58.23,231.953,234.289,233.121
58.24,229.111,232.557,230.834
58.25,229.661,231.831,230.746
58.26,234.058,232.064,233.061
58.27,237.986,231.329,234.6575
58.28,233.226,229.68,231.453
58.29,231.516,228.281,229.8985
58.3,233.086,230.562,231.824
58.31,234.249,232.784,233.5165
58.32,228.633,234.787,231.71
58.33,228.495,230.954,229.7245
58.34,233.177,231.59,232.3835
58.35,229.61,234.549,232.0795
58.36,230.299,232.32,231.3095
58.37,231.239,236.599,233.919
58.38,232.485,237.042,234.7635
58.39,230.535,235.619,233.077
58.4,229.536,232.025,230.7805
58.41,230.229,235.696,232.9625
58.42,228.515,233.467,230.991
58.43,231.692,233.462,232.577
58.44,230.822,236.206,233.514
58.45,232.536,238.108,235.322
58.46,231.159,236.386,233.7725
58.47,228.401,237.595,232.998
58.48,230.927,232.227,231.577
58.49,230.206,230.826,230.516
58.5,227.285,231.783,229.534
58.51,227.432,231.147,229.2895
58.52,230.219,231.778,230.9985
58.53,228.129,234.601,231.365
58.54,228.242,233.901,231.0715
58.55,232.978,234.311,233.6445
58.56,227.593,233.378,230.4855
58.57,231.609,236.229,233.919
58.58,227.404,232.737,230.0705
58.59,227.097,238.976,233.0365
58.6,232.169,234.618,233.3935
58.61,230.447,232.302,231.3745
58.62,230.962,234.786,232.874
58.63,231.74,231.795,231.7675
58.64,230.923,234.884,232.9035
58.65,232.632,234.008,233.32
58.66,233.943,234.434,234.1885
58.67,230.939,241.059,235.999
58.68,232.235,236.418,234.3265
58.69,231.005,235.988,233.4965
58.7,229.065,232.068,230.5665
58.71,230.967,233.047,232.007
58.72,229.51,234.019,231.7645
58.73,231.546,233.461,232.5035
58.74,233.89,233.055,233.4725
58.75,232.712,235.465,234.0885
58.76,235.098,234.604,234.851
58.77,224.648,237.926,231.287
58.78,228.867,234.697,231.782
58.79,226.789,232.279,229.534
58.8,229.014,235.928,232.471
58.81,232.201,233.209,232.705
58.82,228.891,230.115,229.503
58.83,230.094,229.282,229.688
58.84,228.708,230.936,229.822
58.85,229.439,230.353,229.896
58.86,228.716,236.072,232.394
58.87,230.733,230.938,230.8355
58.88,230.582,233.917,232.2495
58.89,226.907,233.054,229.9805
58.9,225.59,229.16,227.375
58.91,225.478,232.188,228.833
58.92,228.674,232.269,230.4715
58.93,229.046,234.036,231.541
58.94,231.07,236.532,233.801
58.95,229.778,232.102,230.94
58.96,228.348,237.205,232.7765
58.97,232.207,233.175,232.691
58.98,230.442,233.384,231.913
58.99,234.02,235.641,234.8305
59.0,232.011,228.69,230.3505
59.01,230.238,234.414,232.326
59.02,230.335,233.505,231.92
59.03,232.267,235.98,234.1235
59.04,231.076,236.137,233.6065
59.05,232.0,234.18,233.09
59.06,233.676,236.589,235.1325
59.07,233.976,237.961,235.9685
59.08,231.865,240.807,236.336
59.09,232.328,234.764,233.546
59.1,230.452,235.139,232.7955
59.11,229.048,235.416,232.232
59.12,226.745,234.031,230.388
59.13,228.478,234.921,231.6995
59.14,227.018,232.095,229.5565
59.15,229.08,238.21,233.645
59.16,228.114,236.939,232.5265
59.17,232.556,239.317,235.9365
59.18,231.625,234.473,233.049
59.19,230.243,232.761,231.502
59.2,229.322,232.695,231.0085
59.21,227.607,237.337,232.472
59.22,227.327,236.493,231.91
59.23,228.779,233.811,231.295
59.24,228.829,233.595,231.212
59.25,230.639,234.909,232.774
59.26,229.036,234.023,231.5295
59.27,233.127,238.907,236.017
59.28,229.906,237.096,233.501
59.29,230.616,239.092,234.854
59.3,226.726,237.181,231.9535
59.31,229.05,238.015,233.5325
59.32,229.383,238.508,233.9455
59.33,231.691,236.5,234.0955
59.34,228.907,238.014,233.4605
59.35,229.26,233.445,231.3525
59.36,231.623,236.178,233.9005
59.37,232.596,236.408,234.502
59.38,230.616,238.434,234.525
59.39,232.352,236.027,234.1895
59.4,233.664,233.666,233.665
59.41,230.455,236.108,233.2815
59.42,229.741,235.547,232.644
59.43,228.772,236.389,232.5805
59.44,230.895,237.482,234.1885
59.45,228.83,233.747,231.2885
59.46,232.895,235.559,234.227
59.47,230.826,233.308,232.067
59.48,232.843,233.905,233.374
59.49,233.457,236.252,234.8545
59.5,233.419,234.948,234.1835
59.51,233.346,236.264,234.805
59.52,232.53,235.39,233.96
59.53,235.675,235.447,235.561
59.54,234.099,231.553,232.826
59.55,231.962,236.727,234.3445
59.56,233.546,239.812,236.679
59.57,229.981,233.098,231.5395
59.58,233.29,234.562,233.926
59.59,228.771,235.022,231.8965
59.6,229.685,232.025,230.855
59.61,230.043,235.523,232.783
59.62,236.743,232.45,234.5965
59.63,234.964,233.924,234.444
59.64,234.797,235.451,235.124
59.65,230.834,235.829,233.3315
59.66,232.705,236.412,234.5585
59.67,232.46,235.151,233.8055
59.68,235.796,234.931,235.3635
59.69,233.784,235.742,234.763
59.7,231.132,237.286,234.209
59.71,228.662,233.976,231.319
59.72,233.969,234.15,234.0595
59.73,234.023,235.213,234.618
59.74,233.285,237.657,235.471
59.75,232.497,234.726,233.6115
59.76,230.483,236.056,233.2695
59.77,228.219,234.895,231.557
59.78,233.256,234.386,233.821
59.79,229.381,236.04,232.7105
59.8,232.197,232.192,232.1945
59.81,234.102,232.623,233.3625
59.82,232.561,233.653,233.107
59.83,232.518,236.137,234.3275
59.84,232.643,232.101,232.372
59.85,230.909,233.436,232.1725
59.86,233.007,234.697,233.852
59.87,232.96,236.387,234.6735
59.88,228.362,231.626,229.994
59.89,233.177,230.468,231.8225
59.9,231.138,234.802,232.97
59.91,227.146,234.972,231.059
59.92,230.58,234.816,232.698
59.93,229.775,234.026,231.9005
59.94,230.504,230.487,230.4955
59.95,226.352,233.017,229.6845
59.96,228.579,234.625,231.602
59.97,228.529,230.084,229.3065
59.98,229.124,232.171,230.6475
59.99,225.799,231.722,228.7605
60.0,228.27,231.145,229.7075
60.01,228.318,233.763,231.0405
60.02,227.398,233.689,230.5435
60.03,227.745,234.167,230.956
60.04,225.28,236.083,230.6815
60.05,226.667,235.107,230.887
60.06,227.638,233.896,230.767
60.07,229.059,231.01,230.0345
60.08,233.475,232.681,233.078
60.09,225.507,232.961,229.234
60.1,228.047,232.574,230.3105
60.11,229.023,230.057,229.54
60.12,230.161,228.73,229.4455
60.13,229.38,229.576,229.478
60.14,230.507,231.432,230.9695
60.15,228.044,230.987,229.5155
60.16,231.963,229.731,230.847
60.17,226.955,228.819,227.887
60.18,233.612,229.147,231.3795
60.19,230.603,229.28,229.9415
60.2,227.084,227.736,227.41
60.21,228.106,225.478,226.792
60.22,231.247,230.929,231.088
60.23,226.957,233.123,230.04
60.24,234.768,232.44,233.604
60.25,231.136,233.844,232.49
60.26,229.886,234.758,232.322
60.27,233.289,233.568,233.4285
60.28,230.558,232.19,231.374
60.29,227.893,235.488,231.6905
60.3,232.29,234.558,233.424
60.31,234.965,235.158,235.0615
60.32,230.79,231.836,231.313
60.33,233.539,235.621,234.58
60.34,233.198,232.95,233.074
60.35,230.762,233.005,231.8835
60.36,232.713,233.495,233.104
60.37,232.418,234.081,233.2495
60.38,230.297,230.242,230.2695
60.39,231.501,233.37,232.4355
60.4,231.455,233.336,232.3955
60.41,231.428,234.244,232.836
60.42,232.635,232.664,232.6495
60.43,234.663,235.309,234.986
60.44,230.47,231.711,231.0905
60.45,231.268,232.321,231.7945
60.46,227.344,231.345,229.3445
60.47,229.869,231.602,230.7355
60.48,227.486,234.394,230.94
60.49,232.842,233.721,233.2815
60.5,230.558,231.422,230.99
60.51,229.984,231.496,230.74
60.52,229.921,233.363,231.642
60.53,233.965,234.46,234.2125
60.54,227.914,231.887,229.9005
60.55,233.677,232.393,233.035
60.56,233.968,233.333,233.6505
60.57,235.161,237.34,236.2505
60.58,232.892,234.119,233.5055
60.59,235.132,231.168,233.15
60.6,235.479,236.413,235.946
60.61,234.93,231.4,233.165
60.62,234.389,232.147,233.268
60.63,234.14,235.796,234.968
60.64,233.695,238.727,236.211
60.65,234.101,233.18,233.6405
60.66,232.177,231.98,232.0785
60.67,232.371,231.754,232.0625
60.68,228.742,231.295,230.0185
60.69,232.16,233.792,232.976
60.7,228.473,236.759,232.616
60.71,230.089,230.421,230.255
60.72,232.618,235.231,233.9245
60.73,230.187,235.357,232.772
60.74,228.402,236.769,232.5855
60.75,230.466,237.565,234.0155
60.76,229.186,237.536,233.361
60.77,229.191,234.73,231.9605
60.78,227.585,234.656,231.1205
60.79,230.525,236.553,233.539
60.8,228.313,234.576,231.4445
60.81,230.017,234.762,232.3895
60.82,227.982,237.129,232.5555
60.83,226.764,235.556,231.16
60.84,228.098,236.114,232.106
60.85,227.685,234.603,231.144
60.86,231.122,238.423,234.7725
60.87,229.558,238.302,233.93
60.88,228.544,238.197,233.3705
60.89,231.537,234.208,232.8725
60.9,226.064,233.136,229.6
60.91,233.429,233.18,233.3045
60.92,230.612,236.478,233.545
60.93,228.427,235.603,232.015
60.94,230.365,238.61,234.4875
60.95,228.432,237.65,233.041
60.96,232.175,234.933,233.554
60.97,229.828,233.401,231.6145
60.98,226.991,233.718,230.3545
60.99,228.858,231.774,230.316
61.0,228.128,235.461,231.7945
61.01,230.187,231.199,230.693
61.02,228.232,233.861,231.0465
61.03,231.265,232.87,232.0675
61.04,229.191,233.157,231.174
61.05,228.817,238.069,233.443
61.06,233.069,236.996,235.0325
61.07,230.962,237.51,234.236
61.08,230.058,236.853,233.4555
61.09,228.088,235.56,231.824
61.1,233.058,235.164,234.111
61.11,231.755,235.141,233.448
61.12,228.257,238.449,233.353
61.13,228.468,236.854,232.661
61.14,232.237,230.751,231.494
61.15,228.027,233.785,230.906
61.16,228.705,233.431,231.068
61.17,231.014,236.027,233.5205
61.18,229.136,236.49,232.813
61.19,232.839,236.198,234.5185
61.2,231.226,231.851,231.5385
61.21,233.968,233.727,233.8475
61.22,231.917,229.025,230.471
61.23,229.8,234.789,232.2945
61.24,229.02,231.034,230.027
61.25,228.357,229.152,228.7545
61.26,230.583,232.178,231.3805
61.27,228.998,230.805,229.9015
61.28,231.965,230.029,230.997
61.29,229.688,232.307,230.9975
61.3,229.287,231.749,230.518
61.31,229.163,234.27,231.7165
61.32,231.842,235.563,233.7025
61.33,227.94,232.073,230.0065
61.34,232.094,233.51,232.802
61.35,230.11,233.991,232.0505
61.36,229.548,233.634,231.591
61.37,230.974,235.943,233.4585
61.38,231.016,233.162,232.089
61.39,227.479,236.509,231.994
61.4,229.893,236.019,232.956
61.41,227.391,234.191,230.791
61.42,226.798,232.163,229.4805
61.43,232.398,233.953,233.1755
61.44,230.055,232.234,231.1445
61.45,229.701,234.859,232.28
61.46,231.03,231.764,231.397
61.47,229.649,233.06,231.3545
61.48,230.875,234.607,232.741
61.49,231.899,235.848,233.8735
61.5,232.769,228.882,230.8255
61.51,228.125,238.269,233.197
61.52,229.445,234.284,231.8645
61.53,232.948,235.336,234.142
61.54,234.704,236.078,235.391
61.55,228.921,236.013,232.467
61.56,231.244,235.545,233.3945
61.57,232.413,228.48,230.4465
61.58,233.24,232.531,232.8855
61.59,230.422,232.336,231.379
61.6,230.412,231.079,230.7455
61.61,231.46,234.137,232.7985
61.62,230.099,233.219,231.659
61.63,227.38,236.293,231.8365
61.64,231.606,232.822,232.214
61.65,232.664,234.614,233.639
61.66,231.981,235.358,233.6695
61.67,229.316,232.966,231.141
61.68,228.977,239.223,234.1
61.69,226.72,233.868,230.294
61.7,231.543,234.952,233.2475
61.71,230.469,234.752,232.6105
61.72,228.718,238.85,233.784
61.73,232.071,236.066,234.0685
61.74,228.291,233.546,230.9185
61.75,231.938,235.909,233.9235
61.76,229.241,236.434,232.8375
61.77,231.961,238.266,235.1135
61.78,228.864,234.377,231.6205
61.79,228.087,233.577,230.832
61.8,231.844,235.147,233.4955
61.81,230.801,237.068,233.9345
61.82,231.188,232.373,231.7805
61.83,230.992,233.329,232.1605
61.84,236.052,233.754,234.903
61.85,233.955,233.44,233.6975
61.86,233.567,231.324,232.4455
61.87,231.478,232.26,231.869
61.88,230.383,234.174,232.2785
61.89,231.296,232.569,231.9325
61.9,226.906,232.133,229.5195
61.91,229.545,233.55,231.5475
61.92,229.282,234.421,231.8515
61.93,230.446,235.507,232.9765
61.94,229.957,233.873,231.915
61.95,231.657,232.477,232.067
61.96,233.038,235.382,234.21
61.97,232.192,236.935,234.5635
61.98,236.225,236.65,236.4375
61.99,229.851,230.876,230.3635
62.0,236.474,233.426,234.95
62.01,235.608,229.888,232.748
62.02,231.26,230.746,231.003
62.03,233.592,232.399,232.9955
62.04,231.203,232.76,231.9815
62.05,231.261,237.198,234.2295
62.06,231.571,232.514,232.0425
62.07,233.822,227.279,230.5505
62.08,231.635,233.333,232.484
62.09,231.28,230.282,230.781
62.1,231.097,233.529,232.313
62.11,229.932,234.285,232.1085
62.12,229.065,233.549,231.307
62.13,233.059,231.787,232.423
62.14,232.19,231.315,231.7525
62.15,231.089,233.28,232.1845
62.16,230.795,230.571,230.683
62.17,236.129,233.29,234.7095
62.18,231.472,227.731,229.6015
62.19,229.385,231.668,230.5265
62.2,230.26,234.359,232.3095
62.21,232.944,233.993,233.4685
62.22,233.735,229.987,231.861
62.23,232.296,230.294,231.295
62.24,232.402,229.891,231.1465
62.25,228.652,232.79,230.721
62.26,230.161,232.897,231.529
62.27,231.82,227.092,229.456
62.28,232.15,227.557,229.8535
62.29,232.405,229.0,230.7025
62.3,231.308,229.342,230.325
62.31,232.033,225.044,228.5385
62.32,235.498,230.981,233.2395
62.33,234.654,232.147,233.4005
62.34,234.26,229.733,231.9965
62.35,229.437,230.275,229.856
62.36,229.806,229.798,229.802
62.37,230.167,229.661,229.914
62.38,229.24,232.414,230.827
62.39,232.52,231.739,232.1295
62.4,231.874,228.457,230.1655
62.41,229.022,230.556,229.789
62.42,234.096,232.126,233.111
62.43,234.702,233.317,234.0095
62.44,231.854,228.765,230.3095
62.45,230.968,230.649,230.8085
62.46,228.753,226.927,227.84
62.47,230.581,229.945,230.263
62.48,229.35,228.771,229.0605
62.49,231.38,229.168,230.274
62.5,229.369,230.443,229.906
62.51,232.424,228.645,230.5345
62.52,232.155,232.16,232.1575
62.53,232.659,234.154,233.4065
62.54,231.115,234.708,232.9115
62.55,227.352,235.001,231.1765
62.56,227.822,230.449,229.1355
62.57,233.279,234.379,233.829
62.58,231.459,231.227,231.343
62.59,230.424,233.034,231.729
62.6,232.397,232.516,232.4565
62.61,232.497,230.671,231.584
62.62,228.77,229.194,228.982
62.63,228.955,228.426,228.6905
62.64,229.597,227.593,228.595
62.65,227.74,229.212,228.476
62.66,232.033,233.205,232.619
62.67,229.645,237.767,233.706
62.68,229.333,232.332,230.8325
62.69,230.967,230.969,230.968
62.7,230.376,229.608,229.992
62.71,229.732,235.693,232.7125
62.72,228.544,231.223,229.8835
62.73,226.066,234.475,230.2705
62.74,229.554,231.63,230.592
62.75,228.159,229.954,229.0565
62.76,225.393,233.059,229.226
62.77,226.212,231.071,228.6415
62.78,226.883,234.444,230.6635
62.79,228.02,231.403,229.7115
62.8,228.101,229.208,228.6545
62.81,227.014,231.045,229.0295
62.82,228.732,231.068,229.9
62.83,232.266,235.702,233.984
62.84,228.045,234.628,231.3365
62.85,227.666,235.61,231.638
62.86,228.827,231.684,230.2555
62.87,227.467,235.22,231.3435
62.88,230.863,233.187,232.025
62.89,230.479,232.109,231.294
62.9,230.865,229.04,229.9525
62.91,229.626,231.425,230.5255
62.92,232.497,230.199,231.348
62.93,230.364,231.619,230.9915
62.94,232.443,229.367,230.905
62.95,227.278,228.244,227.761
62.96,228.68,228.412,228.546
62.97,231.244,230.815,231.0295
62.98,227.691,230.916,229.3035
62.99,227.856,233.036,230.446
63.0,227.936,230.986,229.461
63.01,228.291,233.761,231.026
63.02,229.128,234.076,231.602
63.03,232.837,233.06,232.9485
63.04,230.837,226.539,228.688
63.05,227.196,232.684,229.94
63.06,227.248,231.185,229.2165
63.07,229.3,231.733,230.5165
63.08,227.737,233.913,230.825
63.09,228.503,230.852,229.6775
63.1,229.582,228.336,228.959
63.11,227.861,231.749,229.805
63.12,227.037,230.381,228.709
63.13,227.805,233.769,230.787
63.14,224.716,233.816,229.266
63.15,227.34,230.29,228.815
63.16,229.216,230.674,229.945
63.17,229.034,232.626,230.83
63.18,223.604,230.846,227.225
63.19,228.897,232.165,230.531
63.2,227.723,230.523,229.123
63.21,230.502,234.205,232.3535
63.22,226.764,232.552,229.658
63.23,224.611,232.113,228.362
63.24,221.969,233.955,227.962
63.25,228.347,234.839,231.593
63.26,225.79,233.818,229.804
63.27,221.337,234.693,228.015
63.28,222.629,237.203,229.916
63.29,223.184,234.323,228.7535
63.3,224.351,236.011,230.181
63.31,220.723,236.744,228.7335
63.32,222.897,236.436,229.6665
63.33,227.568,232.096,229.832
63.34,223.989,230.155,227.072
63.35,222.383,233.485,227.934
63.36,223.004,234.588,228.796
63.37,223.22,236.519,229.8695
63.38,224.791,238.273,231.532
63.39,224.51,234.42,229.465
63.4,224.622,237.472,231.047
63.41,223.449,237.193,230.321
63.42,224.131,235.814,229.9725
63.43,224.532,234.611,229.5715
63.44,222.27,232.825,227.5475
63.45,220.659,237.092,228.8755
63.46,223.1,235.122,229.111
63.47,224.732,237.036,230.884
63.48,223.784,233.464,228.624
63.49,224.935,230.013,227.474
63.5,226.842,235.98,231.411
63.51,224.32,236.684,230.502
63.52,229.612,236.695,233.1535
63.53,225.663,235.76,230.7115
63.54,224.18,234.916,229.548
63.55,223.063,230.913,226.988
63.56,225.232,235.622,230.427
63.57,225.066,234.58,229.823
63.58,220.66,233.114,226.887
63.59,223.118,231.574,227.346
63.6,225.803,230.04,227.9215
63.61,224.636,232.798,228.717
63.62,224.898,233.754,229.326
63.63,226.139,232.784,229.4615
63.64,224.981,229.604,227.2925
63.65,224.188,231.592,227.89
63.66,226.268,231.073,228.6705
63.67,222.661,235.625,229.143
63.68,224.823,231.947,228.385
63.69,225.455,230.682,228.0685
63.7,227.821,231.168,229.4945
63.71,226.608,231.188,228.898
63.72,224.784,232.363,228.5735
63.73,222.93,228.46,225.695
63.74,224.357,230.83,227.5935
63.75,224.529,232.227,228.378
63.76,222.562,231.369,226.9655
63.77,223.089,235.632,229.3605
63.78,220.017,233.116,226.5665
63.79,222.782,234.288,228.535
63.8,224.2,229.25,226.725
63.81,225.359,234.111,229.735
63.82,220.673,234.771,227.722
63.83,224.58,234.797,229.6885
63.84,224.143,231.974,228.0585
63.85,225.948,234.949,230.4485
63.86,224.118,237.282,230.7
63.87,227.652,233.553,230.6025
63.88,228.697,233.296,230.9965
63.89,223.518,235.128,229.323
63.9,225.578,237.36,231.469
63.91,222.268,237.426,229.847
63.92,225.785,232.059,228.922
63.93,227.965,234.945,231.455
63.94,227.581,232.912,230.2465
63.95,225.232,230.964,228.098
63.96,226.67,228.814,227.742
63.97,224.855,234.074,229.4645
63.98,223.504,232.614,228.059
63.99,225.983,233.313,229.648
64.0,225.615,234.132,229.8735
64.01,225.05,232.906,228.978
64.02,226.579,234.13,230.3545
64.03,228.396,233.846,231.121
64.04,227.936,232.199,230.0675
64.05,227.996,234.411,231.2035
64.06,227.382,235.167,231.2745
64.07,227.066,237.316,232.191
64.08,228.048,233.691,230.8695
64.09,226.308,234.049,230.1785
64.1,226.844,236.072,231.458
64.11,227.621,235.429,231.525
64.12,224.894,235.508,230.201
64.13,224.07,233.469,228.7695
64.14,223.808,235.126,229.467
64.15,225.197,240.049,232.623
64.16,223.53,232.782,228.156
64.17,225.299,230.508,227.9035
64.18,224.321,232.128,228.2245
64.19,225.86,229.75,227.805
64.2,226.936,232.409,229.6725
64.21,227.91,234.762,231.336
64.22,225.457,234.842,230.1495
64.23,224.185,233.126,228.6555
64.24,226.128,234.494,230.311
64.25,224.211,231.284,227.7475
64.26,226.545,231.695,229.12
64.27,226.994,231.327,229.1605
64.28,224.121,235.083,229.602
64.29,224.856,232.266,228.561
64.3,223.895,234.659,229.277
64.31,225.477,234.536,230.0065
64.32,228.057,230.355,229.206
64.33,226.204,228.81,227.507
64.34,225.405,232.095,228.75
64.35,226.011,229.611,227.811
64.36,228.069,232.401,230.235
64.37,225.003,232.794,228.8985
64.38,229.407,235.318,232.3625
64.39,224.878,231.397,228.1375
64.4,225.789,230.273,228.031
64.41,222.824,233.987,228.4055
64.42,225.865,233.763,229.814
64.43,225.934,231.769,228.8515
64.44,224.566,230.353,227.4595
64.45,228.609,230.192,229.4005
64.46,225.811,234.148,229.9795
64.47,225.261,234.996,230.1285
64.48,223.733,235.445,229.589
64.49,229.728,235.831,232.7795
64.5,226.885,232.326,229.6055
64.51,225.974,233.678,229.826
64.52,223.907,233.037,228.472
64.53,224.196,231.034,227.615
64.54,222.339,233.507,227.923
64.55,225.196,230.51,227.853
64.56,225.065,232.828,228.9465
64.57,228.322,233.603,230.9625
64.58,228.284,234.442,231.363
64.59,226.32,234.364,230.342
64.6,224.434,235.384,229.909
64.61,224.579,234.081,229.33
64.62,223.951,231.557,227.754
64.63,228.512,229.636,229.074
64.64,225.936,232.259,229.0975
64.65,225.695,235.517,230.606
64.66,226.93,234.452,230.691
64.67,224.909,234.947,229.928
64.68,227.688,234.288,230.988
64.69,225.226,228.027,226.6265
64.7,227.879,236.647,232.263
64.71,226.707,237.767,232.237
64.72,227.113,233.317,230.215
64.73,226.085,232.147,229.116
64.74,229.118,232.333,230.7255
64.75,228.608,235.574,232.091
64.76,223.286,235.976,229.631
64.77,228.258,230.978,229.618
64.78,224.563,231.114,227.8385
64.79,226.505,235.397,230.951
64.8,225.838,237.01,231.424
64.81,228.823,233.936,231.3795
64.82,224.926,231.369,228.1475
64.83,225.086,233.58,229.333
64.84,229.031,236.424,232.7275
64.85,226.777,234.145,230.461
64.86,226.417,230.56,228.4885
64.87,223.399,233.785,228.592
64.88,229.273,232.91,231.0915
64.89,227.744,232.272,230.008
64.9,228.481,234.89,231.6855
64.91,226.616,230.354,228.485
64.92,227.513,234.139,230.826
64.93,227.019,233.771,230.395
64.94,225.862,230.996,228.429
64.95,227.88,232.085,229.9825
64.96,229.092,233.78,231.436
64.97,227.777,233.579,230.678
64.98,229.895,234.787,232.341
64.99,229.129,234.305,231.717
65.0,225.811,233.129,229.47
65.01,223.745,233.901,228.823
65.02,227.225,234.75,230.9875
65.03,223.673,232.547,228.11
65.04,227.958,235.123,231.5405
65.05,224.482,230.653,227.5675
65.06,226.842,234.982,230.912
65.07,227.499,232.645,230.072
65.08,223.288,234.315,228.8015
65.09,224.772,236.226,230.499
65.1,224.662,233.617,229.1395
65.11,228.593,236.054,232.3235
65.12,224.343,238.78,231.5615
65.13,227.514,235.647,231.5805
65.14,228.573,234.297,231.435
65.15,226.191,234.294,230.2425
65.16,222.069,229.916,225.9925
65.17,224.422,231.296,227.859
65.18,226.722,228.177,227.4495
65.19,229.236,232.261,230.7485
65.2,226.624,234.923,230.7735
65.21,227.82,233.546,230.683
65.22,227.144,227.933,227.5385
65.23,228.409,229.308,228.8585
65.24,226.103,231.123,228.613
65.25,228.494,231.853,230.1735
65.26,226.759,235.249,231.004
65.27,223.536,229.752,226.644
65.28,224.994,233.141,229.0675
65.29,227.289,232.55,229.9195
65.3,227.993,233.28,230.6365
65.31,223.666,230.992,227.329
65.32,227.979,231.583,229.781
65.33,226.632,230.579,228.6055
65.34,227.106,229.754,228.43
65.35,227.084,229.552,228.318
65.36,227.668,229.583,228.6255
65.37,223.029,231.709,227.369
65.38,223.803,229.877,226.84
65.39,224.506,228.181,226.3435
65.4,224.264,229.601,226.9325
65.41,224.0,226.119,225.0595
65.42,223.523,225.363,224.443
65.43,224.346,229.434,226.89
65.44,225.978,230.194,228.086
65.45,225.546,229.496,227.521
65.46,223.306,229.636,226.471
65.47,225.565,228.449,227.007
65.48,223.761,224.434,224.0975
65.49,224.956,230.968,227.962
65.5,225.286,222.86,224.073
65.51,227.813,231.48,229.6465
65.52,228.338,231.829,230.0835
65.53,227.909,231.737,229.823
65.54,226.437,230.879,228.658
65.55,228.995,230.884,229.9395
65.56,228.201,232.842,230.5215
65.57,225.962,230.895,228.4285
65.58,223.866,230.872,227.369
65.59,230.416,233.634,232.025
65.6,227.011,233.626,230.3185
65.61,227.782,230.371,229.0765
65.62,226.318,232.537,229.4275
65.63,227.839,231.467,229.653
65.64,228.864,229.863,229.3635
65.65,225.575,226.603,226.089
65.66,225.952,228.821,227.3865
65.67,222.298,229.462,225.88
65.68,228.316,234.275,231.2955
65.69,228.045,231.876,229.9605
65.7,225.969,230.621,228.295
65.71,227.713,228.455,228.084
65.72,221.39,229.8,225.595
65.73,230.941,228.493,229.717
65.74,229.359,229.589,229.474
65.75,226.359,228.981,227.67
65.76,224.719,230.974,227.8465
65.77,224.564,228.354,226.459
65.78,226.397,229.073,227.735
65.79,222.482,228.575,225.5285
65.8,225.39,231.024,228.207
65.81,227.54,229.19,228.365
65.82,224.585,230.204,227.3945
65.83,226.42,232.44,229.43
65.84,227.706,227.659,227.6825
65.85,224.907,232.37,228.6385
65.86,225.288,230.631,227.9595
65.87,222.826,232.878,227.852
65.88,225.927,230.151,228.039
65.89,225.145,231.432,228.2885
65.9,221.952,230.291,226.1215
65.91,225.647,230.426,228.0365
65.92,220.977,232.216,226.5965
65.93,222.419,228.186,225.3025
65.94,220.723,230.048,225.3855
65.95,223.549,231.384,227.4665
65.96,222.32,226.964,224.642
65.97,225.538,229.462,227.5
65.98,224.185,227.903,226.044
65.99,225.415,230.043,227.729
66.0,224.918,232.586,228.752
66.01,228.32,232.275,230.2975
66.02,227.765,233.088,230.4265
66.03,229.852,232.51,231.181
66.04,227.03,230.136,228.583
66.05,226.597,226.87,226.7335
66.06,228.529,229.142,228.8355
66.07,225.992,231.638,228.815
66.08,227.752,231.521,229.6365
66.09,224.415,228.477,226.446
66.1,226.606,228.286,227.446
66.11,226.055,231.163,228.609
66.12,228.145,230.646,229.3955
66.13,227.487,231.272,229.3795
66.14,226.278,229.371,227.8245
66.15,225.461,230.614,228.0375
66.16,226.563,232.257,229.41
66.17,228.318,230.681,229.4995
66.18,225.34,230.637,227.9885
66.19,226.7,227.617,227.1585
66.2,224.067,229.187,226.627
66.21,229.769,228.44,229.1045
66.22,225.57,231.907,228.7385
66.23,227.803,231.335,229.569
66.24,222.875,230.921,226.898
66.25,225.005,226.794,225.8995
66.26,224.713,230.383,227.548
66.27,224.956,231.068,228.012
66.28,223.124,231.729,227.4265
66.29,227.883,230.452,229.1675
66.3,228.628,228.55,228.589
66.31,222.629,230.186,226.4075
66.32,222.234,232.26,227.247
66.33,223.202,228.153,225.6775
66.34,227.366,230.357,228.8615
66.35,225.719,227.128,226.4235
66.36,226.504,228.359,227.4315
66.37,225.296,229.289,227.2925
66.38,227.68,226.664,227.172
66.39,222.526,231.546,227.036
66.4,226.443,227.364,226.9035
66.41,224.799,229.179,226.989
66.42,224.494,228.705,226.5995
66.43,224.214,226.756,225.485
66.44,221.875,226.183,224.029
66.45,221.142,228.066,224.604
66.46,224.168,227.166,225.667
66.47,223.481,227.57,225.5255
66.48,222.896,227.611,225.2535
66.49,220.667,230.915,225.791
66.5,220.804,229.476,225.14
66.51,224.828,224.532,224.68
66.52,225.947,229.708,227.8275
66.53,222.097,229.151,225.624
66.54,222.467,230.24,226.3535
66.55,222.21,230.784,226.497
66.56,224.656,228.839,226.7475
66.57,225.193,229.823,227.508
66.58,224.974,226.588,225.781
66.59,224.944,228.855,226.8995
66.6,223.798,228.149,225.9735
66.61,223.764,231.568,227.666
66.62,223.016,230.111,226.5635
66.63,220.235,231.16,225.6975
66.64,221.997,233.082,227.5395
66.65,222.397,233.6,227.9985
66.66,222.806,229.713,226.2595
66.67,223.476,232.898,228.187
66.68,220.593,232.965,226.779
66.69,224.818,230.327,227.5725
66.7,224.205,234.176,229.1905
66.71,225.247,232.436,228.8415
66.72,228.749,232.966,230.8575
66.73,222.832,232.634,227.733
66.74,225.572,231.976,228.774
66.75,226.863,231.514,229.1885
66.76,225.26,230.559,227.9095
66.77,226.075,229.618,227.8465
66.78,225.929,228.608,227.2685
66.79,224.196,231.289,227.7425
66.8,224.149,231.506,227.8275
66.81,225.308,231.146,228.227
66.82,226.869,232.883,229.876
66.83,223.638,225.984,224.811
66.84,226.004,228.012,227.008
66.85,227.263,231.433,229.348
66.86,227.326,227.895,227.6105
66.87,224.197,233.828,229.0125
66.88,226.29,230.222,228.256
66.89,226.94,229.268,228.104
66.9,227.42,226.607,227.0135
66.91,227.454,233.13,230.292
66.92,228.129,230.328,229.2285
66.93,226.222,230.506,228.364
66.94,229.191,225.829,227.51
66.95,228.539,226.331,227.435
66.96,224.304,229.665,226.9845
66.97,225.882,229.853,227.8675
66.98,220.446,229.918,225.182
66.99,224.418,231.175,227.7965
67.0,224.828,226.641,225.7345
67.01,225.084,229.824,227.454
67.02,226.012,228.777,227.3945
67.03,228.265,228.965,228.615
67.04,227.881,229.199,228.54
67.05,224.838,227.478,226.158
67.06,222.423,226.79,224.6065
67.07,225.959,229.865,227.912
67.08,223.997,229.398,226.6975
67.09,224.609,232.367,228.488
67.1,225.605,232.092,228.8485
67.11,223.646,231.133,227.3895
67.12,223.767,228.219,225.993
67.13,226.312,231.113,228.7125
67.14,228.307,228.215,228.261
67.15,228.582,234.354,231.468
67.16,228.549,231.745,230.147
67.17,227.693,235.054,231.3735
67.18,228.231,231.107,229.669
67.19,226.329,227.109,226.719
67.2,226.518,229.99,228.254
67.21,226.259,228.973,227.616
67.22,223.982,228.389,226.1855
67.23,224.92,231.314,228.117
67.24,227.477,230.234,228.8555
67.25,226.074,228.109,227.0915
67.26,227.566,226.544,227.055
67.27,228.204,231.302,229.753
67.28,226.185,229.942,228.0635
67.29,223.862,225.704,224.783
67.3,224.559,231.12,227.8395
67.31,228.648,232.063,230.3555
67.32,226.332,230.286,228.309
67.33,227.109,233.917,230.513
67.34,222.681,231.196,226.9385
67.35,228.471,232.181,230.326
67.36,228.439,232.446,230.4425
67.37,222.993,230.907,226.95
67.38,228.472,227.984,228.228
67.39,226.456,227.985,227.2205
67.4,226.033,230.227,228.13
67.41,231.426,227.985,229.7055
67.42,225.744,231.407,228.5755
67.43,225.24,233.422,229.331
67.44,229.433,231.507,230.47
67.45,227.699,232.033,229.866
67.46,226.958,233.078,230.018
67.47,227.367,233.876,230.6215
67.48,227.075,229.763,228.419
67.49,229.574,230.647,230.1105
67.5,224.949,233.895,229.422
67.51,228.292,233.178,230.735
67.52,226.237,231.89,229.0635
67.53,224.726,235.38,230.053
67.54,227.403,233.294,230.3485
67.55,225.568,230.077,227.8225
67.56,226.862,228.694,227.778
67.57,227.81,230.525,229.1675
67.58,229.051,231.629,230.34
67.59,230.862,229.609,230.2355
67.6,228.619,230.952,229.7855
67.61,226.641,233.445,230.043
67.62,226.6,228.486,227.543
67.63,226.443,231.203,228.823
67.64,227.372,229.631,228.5015
67.65,232.84,229.013,230.9265
67.66,227.829,228.231,228.03
67.67,232.566,227.756,230.161
67.68,229.342,229.669,229.5055
67.69,227.351,233.51,230.4305
67.7,229.836,228.48,229.158
67.71,227.335,228.737,228.036
67.72,230.195,227.916,229.0555
67.73,229.048,229.672,229.36
67.74,231.41,230.243,230.8265
67.75,228.622,230.696,229.659
67.76,229.313,230.082,229.6975
67.77,233.048,229.221,231.1345
67.78,231.501,228.918,230.2095
67.79,233.232,231.111,232.1715
67.8,230.045,231.569,230.807
67.81,230.605,230.305,230.455
67.82,229.874,234.549,232.2115
67.83,232.424,230.412,231.418
67.84,231.051,231.057,231.054
67.85,227.599,229.945,228.772
67.86,232.02,228.792,230.406
67.87,227.645,227.569,227.607
67.88,229.115,230.075,229.595
67.89,231.243,230.184,230.7135
67.9,227.728,232.055,229.8915
67.91,229.355,228.795,229.075
67.92,228.149,229.554,228.8515
67.93,229.522,229.241,229.3815
67.94,229.031,229.457,229.244
67.95,228.723,227.236,227.9795
67.96,231.529,230.333,230.931
67.97,229.044,230.263,229.6535
67.98,226.149,230.331,228.24
67.99,227.987,231.563,229.775
68.0,230.183,236.154,233.1685
68.01,231.346,231.862,231.604
68.02,229.63,234.887,232.2585
68.03,230.776,232.582,231.679
68.04,224.307,230.716,227.5115
68.05,227.326,230.025,228.6755
68.06,227.184,232.712,229.948
68.07,224.821,229.973,227.397
68.08,227.332,230.811,229.0715
68.09,225.913,228.61,227.2615
68.1,225.664,227.73,226.697
68.11,229.864,228.005,228.9345
68.12,227.424,222.888,225.156
68.13,230.7,228.469,229.5845
68.14,229.865,225.888,227.8765
68.15,230.612,231.812,231.212
68.16,227.364,232.162,229.763
68.17,227.565,231.504,229.5345
68.18,224.897,231.877,228.387
68.19,223.979,227.591,225.785
68.2,228.347,227.326,227.8365
68.21,226.935,227.76,227.3475
68.22,227.159,229.932,228.5455
68.23,227.115,229.696,228.4055
68.24,227.158,227.25,227.204
68.25,227.718,225.892,226.805
68.26,229.604,226.515,228.0595
68.27,231.513,227.842,229.6775
68.28,230.719,229.139,229.929
68.29,230.959,228.418,229.6885
68.3,230.555,227.057,228.806
68.31,232.496,234.071,233.2835
68.32,229.348,228.823,229.0855
68.33,231.129,228.747,229.938
68.34,230.291,232.327,231.309
68.35,231.102,231.104,231.103
68.36,234.884,230.176,232.53
68.37,230.097,228.084,229.0905
68.38,231.125,232.723,231.924
68.39,232.441,229.521,230.981
68.4,231.596,230.155,230.8755
68.41,231.618,226.77,229.194
68.42,232.39,229.017,230.7035
68.43,230.92,234.144,232.532
68.44,230.736,232.24,231.488
68.45,233.336,230.159,231.7475
68.46,231.337,228.91,230.1235
68.47,232.109,232.685,232.397
68.48,232.214,227.3,229.757
68.49,230.875,230.23,230.5525
68.5,232.177,231.516,231.8465
68.51,231.845,233.295,232.57
68.52,228.332,232.854,230.593
68.53,230.513,230.491,230.502
68.54,230.9,233.127,232.0135
68.55,230.608,231.861,231.2345
68.56,227.89,232.689,230.2895
68.57,227.545,232.237,229.891
68.58,229.249,230.902,230.0755
68.59,229.597,229.809,229.703
68.6,231.829,226.56,229.1945
68.61,227.716,227.891,227.8035
68.62,229.726,227.583,228.6545
68.63,232.951,226.748,229.8495
68.64,230.437,226.475,228.456
68.65,231.679,227.559,229.619
68.66,231.172,229.013,230.0925
68.67,232.683,230.602,231.6425
68.68,231.334,231.527,231.4305
68.69,230.429,230.151,230.29
68.7,230.156,227.85,229.003
68.71,228.299,230.998,229.6485
68.72,231.689,230.387,231.038
68.73,231.312,227.322,229.317
68.74,234.057,227.803,230.93
68.75,229.101,229.485,229.293
68.76,226.687,231.439,229.063
68.77,227.98,227.784,227.882
68.78,226.827,231.377,229.102
68.79,229.189,230.537,229.863
68.8,233.399,226.895,230.147
68.81,233.433,229.855,231.644
68.82,229.263,228.507,228.885
68.83,230.323,229.445,229.884
68.84,232.126,229.004,230.565
68.85,230.035,231.253,230.644
68.86,227.823,236.309,232.066
68.87,230.718,232.808,231.763
68.88,232.157,236.249,234.203
68.89,231.611,231.821,231.716
68.9,230.488,231.896,231.192
68.91,230.816,233.788,232.302
68.92,233.45,229.928,231.689
68.93,231.984,229.844,230.914
68.94,229.951,229.923,229.937
68.95,228.553,230.843,229.698
68.96,229.942,232.971,231.4565
68.97,226.268,229.459,227.8635
68.98,231.04,231.586,231.313
68.99,228.375,228.989,228.682
69.0,230.496,234.114,232.305
69.01,226.801,232.149,229.475
69.02,228.658,233.892,231.275
69.03,225.777,229.609,227.693
69.04,225.844,234.975,230.4095
69.05,225.219,231.975,228.597
69.06,227.018,232.498,229.758
69.07,230.842,231.084,230.963
69.08,225.965,234.787,230.376
69.09,226.015,231.628,228.8215
69.1,227.116,235.447,231.2815
69.11,224.116,232.155,228.1355
69.12,225.935,231.898,228.9165
69.13,225.884,233.038,229.461
69.14,225.274,237.216,231.245
69.15,224.817,231.396,228.1065
69.16,225.97,233.252,229.611
69.17,226.84,229.37,228.105
69.18,227.384,231.834,229.609
69.19,223.615,231.42,227.5175
69.2,222.804,234.033,228.4185
69.21,225.743,233.2,229.4715
69.22,225.138,233.244,229.191
69.23,223.949,231.94,227.9445
69.24,225.264,232.382,228.823
69.25,225.495,230.425,227.96
69.26,225.932,231.727,228.8295
69.27,225.778,228.974,227.376
69.28,227.069,232.432,229.7505
69.29,224.433,232.036,228.2345
69.3,225.31,231.928,228.619
69.31,225.212,230.133,227.6725
69.32,228.173,233.873,231.023
69.33,223.051,230.774,226.9125
69.34,226.158,234.59,230.374
69.35,220.762,228.926,224.844
69.36,221.036,231.331,226.1835
69.37,222.907,227.485,225.196
69.38,226.893,231.075,228.984
69.39,221.428,231.679,226.5535
69.4,225.237,230.699,227.968
69.41,224.476,229.859,227.1675
69.42,224.081,232.947,228.514
69.43,226.095,232.007,229.051
69.44,227.876,231.457,229.6665
69.45,225.331,232.814,229.0725
69.46,223.006,228.716,225.861
69.47,220.77,229.04,224.905
69.48,224.405,233.99,229.1975
69.49,226.798,230.792,228.795
69.5,223.652,231.108,227.38
69.51,221.114,234.706,227.91
69.52,224.69,230.548,227.619
69.53,225.708,230.274,227.991
69.54,225.656,231.232,228.444
69.55,227.922,234.424,231.173
69.56,224.436,229.956,227.196
69.57,225.809,233.802,229.8055
69.58,227.603,230.727,229.165
69.59,224.371,231.112,227.7415
69.6,225.078,232.657,228.8675
69.61,229.002,232.816,230.909
69.62,222.971,229.872,226.4215
69.63,227.324,233.129,230.2265
69.64,227.065,234.103,230.584
69.65,227.551,231.096,229.3235
69.66,228.829,232.317,230.573
69.67,226.372,229.77,228.071
69.68,228.533,235.323,231.928
69.69,231.615,231.126,231.3705
69.7,227.5,231.757,229.6285
69.71,230.12,228.608,229.364
69.72,229.453,230.073,229.763
69.73,228.23,229.414,228.822
69.74,228.158,230.548,229.353
69.75,229.785,230.341,230.063
69.76,230.878,228.297,229.5875
69.77,229.639,231.789,230.714
69.78,229.667,233.837,231.752
69.79,229.755,229.217,229.486
69.8,229.11,228.642,228.876
69.81,230.101,236.735,233.418
69.82,227.112,231.454,229.283
69.83,226.26,235.033,230.6465
69.84,232.096,231.761,231.9285
69.85,231.277,232.822,232.0495
69.86,229.908,234.989,232.4485
69.87,228.434,233.734,231.084
69.88,229.106,233.498,231.302
69.89,226.94,231.53,229.235
69.9,227.775,231.333,229.554
69.91,226.62,232.382,229.501
69.92,229.039,232.621,230.83
69.93,231.022,231.987,231.5045
69.94,230.949,233.277,232.113
69.95,229.737,228.718,229.2275
69.96,231.275,230.584,230.9295
69.97,231.339,228.654,229.9965
69.98,236.102,232.683,234.3925
69.99,229.999,231.82,230.9095
70.0,229.691,233.304,231.4975
70.01,229.549,231.576,230.5625
70.02,228.06,232.932,230.496
70.03,228.38,235.166,231.773
70.04,226.681,233.714,230.1975
70.05,229.189,235.866,232.5275
70.06,229.898,235.868,232.883
70.07,227.517,233.78,230.6485
70.08,227.984,232.897,230.4405
70.09,229.527,232.469,230.998
70.1,229.331,234.415,231.873
70.11,228.839,234.52,231.6795
70.12,226.324,236.17,231.247
70.13,227.464,233.672,230.568
70.14,228.568,233.279,230.9235
70.15,230.317,234.298,232.3075
70.16,226.631,231.668,229.1495
70.17,229.542,236.879,233.2105
70.18,229.269,236.281,232.775
70.19,226.059,237.476,231.7675
70.2,228.509,235.277,231.893
70.21,230.199,237.656,233.9275
70.22,227.434,235.791,231.6125
70.23,228.974,234.754,231.864
70.24,232.929,237.586,235.2575
70.25,227.882,235.841,231.8615
70.26,233.098,235.617,234.3575
70.27,232.457,238.168,235.3125
70.28,230.461,236.968,233.7145
70.29,231.155,234.686,232.9205
70.3,228.875,235.22,232.0475
70.31,230.254,235.808,233.031
70.32,232.345,231.814,232.0795
70.33,233.908,230.89,232.399
70.34,231.814,234.096,232.955
70.35,233.808,232.623,233.2155
70.36,229.733,237.054,233.3935
70.37,236.612,232.339,234.4755
70.38,232.093,237.022,234.5575
70.39,231.182,234.888,233.035
70.4,235.017,234.199,234.608
70.41,235.404,235.425,235.4145
70.42,234.155,233.156,233.6555
70.43,233.24,233.904,233.572
70.44,236.317,232.633,234.475
70.45,230.779,234.497,232.638
70.46,231.996,235.025,233.5105
70.47,230.63,231.805,231.2175
70.48,230.625,234.051,232.338
70.49,232.205,236.823,234.514
70.5,228.892,233.597,231.2445
70.51,227.258,231.276,229.267
70.52,227.505,233.001,230.253
70.53,230.66,231.466,231.063
70.54,227.201,236.312,231.7565
70.55,230.006,233.123,231.5645
70.56,231.643,231.755,231.699
70.57,229.417,234.015,231.716
70.58,231.526,229.945,230.7355
70.59,228.883,233.988,231.4355
70.6,230.933,231.605,231.269
70.61,230.264,232.814,231.539
70.62,229.704,234.377,232.0405
70.63,228.212,231.957,230.0845
70.64,229.03,228.984,229.007
70.65,230.616,229.624,230.12
70.66,228.417,231.241,229.829
70.67,227.903,229.689,228.796
70.68,226.724,229.381,228.0525
70.69,224.621,236.254,230.4375
70.7,226.554,234.087,230.3205
70.71,224.309,226.437,225.373
70.72,222.693,232.482,227.5875
70.73,224.775,229.941,227.358
70.74,224.774,232.289,228.5315
70.75,224.87,231.946,228.408
70.76,228.12,231.941,230.0305
70.77,227.157,233.173,230.165
70.78,226.552,231.534,229.043
70.79,224.3,233.364,228.832
70.8,227.586,234.439,231.0125
70.81,226.474,230.339,228.4065
70.82,229.094,233.169,231.1315
70.83,229.705,232.598,231.1515
70.84,226.414,234.537,230.4755
70.85,223.807,233.721,228.764
70.86,224.374,234.926,229.65
70.87,227.542,233.646,230.594
70.88,228.6,231.77,230.185
70.89,227.868,231.823,229.8455
70.9,229.713,235.432,232.5725
70.91,227.843,232.725,230.284
70.92,224.205,236.07,230.1375
70.93,224.896,233.495,229.1955
70.94,226.955,235.331,231.143
70.95,225.805,234.71,230.2575
70.96,229.282,238.116,233.699
70.97,226.486,232.149,229.3175
70.98,225.462,234.682,230.072
70.99,224.332,232.738,228.535
71.0,226.707,232.766,229.7365
71.01,226.927,230.768,228.8475
71.02,225.878,235.853,230.8655
71.03,224.797,233.978,229.3875
71.04,225.15,233.611,229.3805
71.05,224.711,230.079,227.395
71.06,223.071,232.911,227.991
71.07,222.297,233.292,227.7945
71.08,223.68,235.195,229.4375
71.09,224.55,231.959,228.2545
71.1,223.789,231.472,227.6305
71.11,223.158,232.559,227.8585
71.12,224.442,231.745,228.0935
71.13,229.116,226.501,227.8085
71.14,223.737,230.007,226.872
71.15,223.523,230.658,227.0905
71.16,223.022,231.846,227.434
71.17,224.359,232.681,228.52
71.18,225.714,232.532,229.123
71.19,225.304,231.871,228.5875
71.2,226.721,227.648,227.1845
71.21,226.46,231.52,228.99
71.22,228.171,234.842,231.5065
71.23,225.814,234.484,230.149
71.24,227.914,230.498,229.206
71.25,229.828,233.452,231.64
71.26,230.664,229.1,229.882
71.27,227.163,233.699,230.431
71.28,229.303,234.878,232.0905
71.29,228.926,231.316,230.121
71.3,228.659,233.803,231.231
71.31,228.195,230.957,229.576
71.32,228.111,230.572,229.3415
71.33,229.156,231.228,230.192
71.34,228.882,230.758,229.82
71.35,225.904,228.035,226.9695
71.36,228.264,231.865,230.0645
71.37,226.384,229.052,227.718
71.38,230.485,229.318,229.9015
71.39,227.981,231.996,229.9885
71.4,228.722,231.935,230.3285
71.41,229.037,229.778,229.4075
71.42,228.318,229.378,228.848
71.43,227.848,231.235,229.5415
71.44,224.129,228.397,226.263
71.45,224.754,231.945,228.3495
71.46,224.132,229.368,226.75
71.47,227.308,228.047,227.6775
71.48,224.712,226.682,225.697
71.49,226.036,231.33,228.683
71.5,221.618,229.978,225.798
71.51,225.385,228.799,227.092
71.52,226.137,227.929,227.033
71.53,225.763,227.259,226.511
71.54,225.645,225.236,225.4405
71.55,225.385,229.014,227.1995
71.56,229.194,228.991,229.0925
71.57,228.463,233.191,230.827
71.58,225.942,229.077,227.5095
71.59,227.684,228.758,228.221
71.6,228.553,230.103,229.328
71.61,228.241,229.984,229.1125
71.62,232.039,229.199,230.619
71.63,227.742,229.043,228.3925
71.64,225.695,230.987,228.341
71.65,225.559,228.695,227.127
71.66,222.662,228.413,225.5375
71.67,223.843,234.063,228.953
71.68,226.566,229.085,227.8255
71.69,225.875,228.094,226.9845
71.7,225.151,233.817,229.484
71.71,223.88,233.993,228.9365
71.72,221.677,231.085,226.381
71.73,229.329,229.238,229.2835
71.74,232.836,230.789,231.8125
71.75,227.014,230.504,228.759
71.76,225.689,229.597,227.643
71.77,228.562,229.848,229.205
71.78,222.386,230.536,226.461
71.79,224.255,233.082,228.6685
71.8,224.242,229.051,226.6465
71.81,224.72,231.211,227.9655
71.82,223.366,229.266,226.316
71.83,227.755,233.336,230.5455
71.84,225.484,232.88,229.182
71.85,227.174,233.656,230.415
71.86,225.282,233.046,229.164
71.87,225.83,232.663,229.2465
71.88,225.122,230.841,227.9815
71.89,225.411,233.825,229.618
71.9,223.16,233.236,228.198
71.91,225.953,233.015,229.484
71.92,228.825,238.094,233.4595
71.93,221.369,235.082,228.2255
71.94,220.21,236.882,228.546
71.95,218.971,235.846,227.4085
71.96,223.136,236.58,229.858
71.97,222.805,234.417,228.611
71.98,225.682,234.005,229.8435
71.99,223.433,232.956,228.1945
72.0,229.144,234.502,231.823
72.01,224.046,234.751,229.3985
72.02,223.173,233.242,228.2075
72.03,227.034,232.179,229.6065
72.04,225.79,228.942,227.366
72.05,227.111,232.635,229.873
72.06,225.345,229.891,227.618
72.07,227.667,231.825,229.746
72.08,228.493,233.638,231.0655
72.09,227.824,232.256,230.04
72.1,228.212,234.71,231.461
72.11,226.874,233.672,230.273
72.12,224.495,233.801,229.148
72.13,229.867,236.427,233.147
72.14,226.625,231.358,228.9915
72.15,228.14,232.22,230.18
72.16,227.289,234.2,230.7445
72.17,226.148,235.018,230.583
72.18,226.646,234.108,230.377
72.19,228.148,231.384,229.766
72.2,229.723,237.82,233.7715
72.21,225.347,233.795,229.571
72.22,231.118,236.763,233.9405
72.23,229.048,234.895,231.9715
72.24,227.046,229.535,228.2905
72.25,226.788,230.185,228.4865
72.26,229.17,231.683,230.4265
72.27,226.911,233.572,230.2415
72.28,226.471,230.913,228.692
72.29,227.352,228.381,227.8665
72.3,228.5,237.529,233.0145
72.31,226.972,234.07,230.521
72.32,224.916,234.065,229.4905
72.33,229.191,231.965,230.578
72.34,231.072,232.922,231.997
72.35,230.634,234.927,232.7805
72.36,227.761,234.513,231.137
72.37,229.482,230.256,229.869
72.38,229.171,235.659,232.415
72.39,228.596,233.118,230.857
72.4,227.188,234.678,230.933
72.41,226.24,230.156,228.198
72.42,227.099,232.401,229.75
72.43,228.565,232.732,230.6485
72.44,224.535,231.285,227.91
72.45,225.289,231.637,228.463
72.46,224.935,233.42,229.1775
72.47,227.815,234.936,231.3755
72.48,227.575,229.087,228.331
72.49,227.751,231.37,229.5605
72.5,227.454,231.889,229.6715
72.51,228.734,233.344,231.039
72.52,228.91,230.823,229.8665
72.53,230.21,231.57,230.89
72.54,227.143,230.537,228.84
72.55,225.289,228.76,227.0245
72.56,226.702,229.287,227.9945
72.57,225.916,229.69,227.803
72.58,226.907,232.216,229.5615
72.59,225.863,229.692,227.7775
72.6,232.128,235.121,233.6245
72.61,226.976,232.24,229.608
72.62,227.971,229.286,228.6285
72.63,230.606,230.708,230.657
72.64,228.976,228.053,228.5145
72.65,230.098,230.33,230.214
72.66,228.012,232.373,230.1925
72.67,226.864,231.804,229.334
72.68,227.819,234.865,231.342
72.69,227.819,232.525,230.172
72.7,227.321,232.426,229.8735
72.71,225.204,229.812,227.508
72.72,225.473,231.063,228.268
72.73,221.61,232.82,227.215
72.74,226.528,230.978,228.753
72.75,224.087,228.549,226.318
72.76,227.33,228.538,227.934
72.77,227.453,226.133,226.793
72.78,228.483,229.192,228.8375
72.79,225.19,231.724,228.457
72.8,221.244,234.28,227.762
72.81,226.47,232.691,229.5805
72.82,227.614,229.062,228.338
72.83,223.665,234.83,229.2475
72.84,226.051,230.041,228.046
72.85,224.869,226.001,225.435
72.86,224.232,229.695,226.9635
72.87,224.496,231.748,228.122
72.88,223.345,226.66,225.0025
72.89,227.727,228.019,227.873
72.9,226.551,229.276,227.9135
72.91,229.567,228.698,229.1325
72.92,226.819,231.85,229.3345
72.93,228.732,233.6,231.166
72.94,224.262,235.156,229.709
72.95,224.634,236.997,230.8155
72.96,227.589,232.517,230.053
72.97,224.743,235.3,230.0215
72.98,228.037,230.84,229.4385
72.99,225.11,234.832,229.971
73.0,227.182,232.576,229.879
73.01,226.781,230.691,228.736
73.02,225.981,229.021,227.501
73.03,221.635,230.3,225.9675
73.04,227.775,228.114,227.9445
73.05,224.454,226.827,225.6405
73.06,228.1,226.072,227.086
73.07,226.902,229.148,228.025
73.08,228.918,227.474,228.196
73.09,226.055,228.638,227.3465
73.1,229.027,228.652,228.8395
73.11,227.807,228.006,227.9065
73.12,225.694,229.514,227.604
73.13,227.837,229.747,228.792
73.14,223.932,231.869,227.9005
73.15,227.039,230.85,228.9445
73.16,228.534,228.225,228.3795
73.17,227.35,231.809,229.5795
73.18,227.813,230.052,228.9325
73.19,227.094,226.908,227.001
73.2,227.247,230.698,228.9725
73.21,232.496,228.996,230.746
73.22,228.408,226.872,227.64
73.23,228.655,228.539,228.597
73.24,228.925,228.859,228.892
73.25,234.717,225.898,230.3075
73.26,229.688,229.542,229.615
73.27,228.203,229.858,229.0305
73.28,227.003,229.132,228.0675
73.29,228.029,229.866,228.9475
73.3,228.889,228.027,228.458
73.31,228.309,233.439,230.874
73.32,228.814,230.699,229.7565
73.33,227.315,227.135,227.225
73.34,227.13,225.182,226.156
73.35,227.658,227.129,227.3935
73.36,225.841,228.318,227.0795
73.37,226.918,229.63,228.274
73.38,226.522,230.309,228.4155
73.39,225.411,230.693,228.052
73.4,228.342,231.675,230.0085
73.41,226.181,230.249,228.215
73.42,228.234,228.7,228.467
73.43,225.921,230.014,227.9675
73.44,229.026,229.462,229.244
73.45,229.701,228.974,229.3375
73.46,228.999,232.787,230.893
73.47,228.465,229.181,228.823
73.48,226.605,232.176,229.3905
73.49,225.584,233.44,229.512
73.5,223.565,231.345,227.455
73.51,228.918,233.616,231.267
73.52,227.187,231.529,229.358
73.53,222.97,231.406,227.188
73.54,228.989,229.475,229.232
73.55,227.139,235.955,231.547
73.56,223.912,231.767,227.8395
73.57,225.687,232.232,228.9595
73.58,228.092,233.299,230.6955
73.59,226.079,229.454,227.7665
73.6,226.18,229.22,227.7
73.61,226.459,231.592,229.0255
73.62,226.388,230.766,228.577
73.63,227.038,226.972,227.005
73.64,228.225,230.245,229.235
73.65,230.258,228.809,229.5335
73.66,229.969,227.891,228.93
73.67,228.651,231.184,229.9175
73.68,230.134,226.534,228.334
73.69,229.865,229.309,229.587
73.7,228.46,226.936,227.698
73.71,229.069,227.204,228.1365
73.72,226.552,227.81,227.181
73.73,225.57,225.66,225.615
73.74,228.925,229.063,228.994
73.75,229.723,226.84,228.2815
73.76,229.01,230.069,229.5395
73.77,229.305,225.819,227.562
73.78,231.609,227.917,229.763
73.79,227.898,230.741,229.3195
73.8,231.487,226.981,229.234
73.81,231.14,232.583,231.8615
73.82,229.483,228.466,228.9745
73.83,231.509,231.884,231.6965
73.84,228.728,232.297,230.5125
73.85,234.309,229.718,232.0135
73.86,229.546,230.504,230.025
73.87,230.905,228.292,229.5985
73.88,229.594,233.536,231.565
73.89,231.276,231.94,231.608
73.9,233.085,230.198,231.6415
73.91,228.045,231.581,229.813
73.92,231.346,231.121,231.2335
73.93,228.305,233.89,231.0975
73.94,230.156,234.197,232.1765
73.95,228.021,230.156,229.0885
73.96,227.667,233.95,230.8085
73.97,228.822,234.739,231.7805
73.98,224.448,229.191,226.8195
73.99,227.597,233.061,230.329
74.0,224.229,232.321,228.275
74.01,232.011,226.902,229.4565
74.02,229.645,228.334,228.9895
74.03,226.612,232.42,229.516
74.04,227.349,225.585,226.467
74.05,234.709,231.526,233.1175
74.06,232.089,231.225,231.657
74.07,231.34,230.761,231.0505
74.08,231.128,228.104,229.616
74.09,230.667,231.022,230.8445
74.1,230.532,233.277,231.9045
74.11,231.521,231.416,231.4685
74.12,232.765,232.229,232.497
74.13,231.994,229.604,230.799
74.14,232.544,229.604,231.074
74.15,232.272,232.36,232.316
74.16,227.773,230.663,229.218
74.17,230.72,231.71,231.215
74.18,232.952,228.991,230.9715
74.19,232.855,228.611,230.733
74.2,233.969,229.32,231.6445
74.21,234.587,228.361,231.474
74.22,230.525,226.209,228.367
74.23,228.172,227.619,227.8955
74.24,228.84,228.776,228.808
74.25,227.479,229.459,228.469
74.26,227.776,226.726,227.251
74.27,229.547,227.152,228.3495
74.28,232.801,226.224,229.5125
74.29,231.141,226.373,228.757
74.3,231.8,228.823,230.3115
74.31,232.741,226.645,229.693
74.32,231.628,229.81,230.719
74.33,231.002,229.737,230.3695
74.34,231.472,233.222,232.347
74.35,231.766,230.359,231.0625
74.36,230.906,229.128,230.017
74.37,229.785,228.678,229.2315
74.38,230.485,227.156,228.8205
74.39,233.96,231.827,232.8935
74.4,232.56,230.431,231.4955
74.41,228.767,232.867,230.817
74.42,229.201,231.294,230.2475
74.43,226.666,225.386,226.026
74.44,231.144,228.412,229.778
74.45,226.383,228.787,227.585
74.46,226.644,223.753,225.1985
74.47,230.124,225.988,228.056
74.48,229.806,228.82,229.313
74.49,230.601,231.239,230.92
74.5,230.316,233.758,232.037
74.51,225.779,231.434,228.6065
74.52,228.021,231.333,229.677
74.53,225.464,231.002,228.233
74.54,225.699,229.995,227.847
74.55,222.823,231.829,227.326
74.56,223.913,227.811,225.862
74.57,225.943,234.094,230.0185
74.58,227.076,230.866,228.971
74.59,229.464,232.884,231.174
74.6,225.956,227.167,226.5615
74.61,222.676,229.535,226.1055
74.62,230.1,230.64,230.37
74.63,230.368,227.675,229.0215
74.64,228.744,231.429,230.0865
74.65,228.872,230.297,229.5845
74.66,228.062,230.28,229.171
74.67,229.806,227.213,228.5095
74.68,228.749,229.895,229.322
74.69,228.297,232.383,230.34
74.7,227.423,230.481,228.952
74.71,226.985,236.761,231.873
74.72,231.53,231.218,231.374
74.73,229.644,226.532,228.088
74.74,228.68,231.177,229.9285
74.75,233.118,230.374,231.746
74.76,230.621,233.878,232.2495
74.77,230.466,229.96,230.213
74.78,227.564,231.17,229.367
74.79,228.444,230.829,229.6365
74.8,230.004,226.853,228.4285
74.81,228.394,229.718,229.056
74.82,227.691,228.163,227.927
74.83,229.308,229.281,229.2945
74.84,227.276,231.144,229.21
74.85,232.455,228.92,230.6875
74.86,230.057,230.928,230.4925
74.87,227.948,226.508,227.228
74.88,229.839,229.828,229.8335
74.89,229.4,228.201,228.8005
74.9,226.723,226.748,226.7355
74.91,227.655,229.639,228.647
74.92,225.822,227.842,226.832
74.93,228.939,228.541,228.74
74.94,228.752,229.799,229.2755
74.95,227.272,234.055,230.6635
74.96,226.57,231.382,228.976
74.97,225.412,229.981,227.6965
74.98,227.63,223.674,225.652
74.99,226.144,225.142,225.643
75.0,224.949,228.869,226.909
75.01,228.141,229.205,228.673
75.02,228.526,225.474,227.0
75.03,226.151,229.72,227.9355
75.04,229.351,226.685,228.018
75.05,228.812,225.724,227.268
75.06,229.091,224.219,226.655
75.07,226.296,226.994,226.645
75.08,224.152,225.056,224.604
75.09,225.105,224.632,224.8685
75.1,223.748,227.689,225.7185
75.11,228.325,225.056,226.6905
75.12,226.369,224.831,225.6
75.13,224.433,224.737,224.585
75.14,223.603,227.579,225.591
75.15,226.428,224.095,225.2615
75.16,227.438,224.693,226.0655
75.17,226.867,225.089,225.978
75.18,232.803,223.0,227.9015
75.19,229.476,227.187,228.3315
75.2,230.281,223.435,226.858
75.21,229.788,222.895,226.3415
75.22,230.807,221.786,226.2965
75.23,226.484,223.689,225.0865
75.24,228.435,227.108,227.7715
75.25,229.479,225.198,227.3385
75.26,226.123,223.812,224.9675
75.27,226.855,227.501,227.178
75.28,228.502,226.049,227.2755
75.29,228.617,224.178,226.3975
75.3,228.724,224.261,226.4925
75.31,230.503,225.117,227.81
75.32,228.337,228.214,228.2755
75.33,231.494,227.176,229.335
75.34,231.728,221.897,226.8125
75.35,230.269,225.722,227.9955
75.36,234.208,230.176,232.192
75.37,231.001,227.279,229.14
75.38,229.058,228.304,228.681
75.39,230.198,229.265,229.7315
75.4,228.661,226.662,227.6615
75.41,228.656,226.942,227.799
75.42,229.547,226.082,227.8145
75.43,230.22,232.877,231.5485
75.44,230.405,227.034,228.7195
75.45,230.894,228.431,229.6625
75.46,231.514,227.555,229.5345
75.47,228.734,227.436,228.085
75.48,230.706,229.064,229.885
75.49,230.401,226.989,228.695
75.5,229.931,227.5,228.7155
75.51,227.516,222.421,224.9685
75.52,226.679,227.448,227.0635
75.53,228.791,225.399,227.095
75.54,228.227,227.613,227.92
75.55,231.297,223.348,227.3225
75.56,230.582,225.199,227.8905
75.57,228.403,230.022,229.2125
75.58,228.336,225.808,227.072
75.59,228.844,229.377,229.1105
75.6,230.018,225.526,227.772
75.61,229.309,225.657,227.483
75.62,230.091,228.326,229.2085
75.63,228.621,227.859,228.24
75.64,228.97,226.353,227.6615
75.65,230.062,230.254,230.158
75.66,232.487,229.369,230.928
75.67,232.352,229.438,230.895
75.68,231.951,226.354,229.1525
75.69,231.619,226.143,228.881
75.7,231.436,227.133,229.2845
75.71,232.109,225.204,228.6565
75.72,232.021,221.39,226.7055
75.73,233.292,223.554,228.423
75.74,232.75,224.783,228.7665
75.75,231.541,227.73,229.6355
75.76,233.612,228.232,230.922
75.77,233.542,224.986,229.264
75.78,231.107,221.098,226.1025
75.79,233.443,228.321,230.882
75.8,232.466,226.692,229.579
75.81,232.603,224.12,228.3615
75.82,232.113,226.798,229.4555
75.83,228.715,228.653,228.684
75.84,230.654,228.739,229.6965
75.85,228.321,228.187,228.254
75.86,228.844,226.105,227.4745
75.87,227.65,228.277,227.9635
75.88,230.434,228.309,229.3715
75.89,229.091,231.89,230.4905
75.9,232.234,229.519,230.8765
75.91,230.494,224.089,227.2915
75.92,232.952,227.001,229.9765
75.93,231.754,229.83,230.792
75.94,229.724,228.886,229.305
75.95,232.324,226.254,229.289
75.96,233.296,228.09,230.693
75.97,229.708,227.382,228.545
75.98,231.04,230.486,230.763
75.99,230.663,230.961,230.812
76.0,227.774,229.19,228.482
76.01,232.792,227.032,229.912
76.02,232.751,230.169,231.46
76.03,228.994,233.978,231.486
76.04,230.841,230.794,230.8175
76.05,229.151,229.329,229.24
76.06,228.549,232.64,230.5945
76.07,228.373,229.514,228.9435
76.08,234.726,228.605,231.6655
76.09,232.262,229.928,231.095
76.1,229.331,231.698,230.5145
76.11,231.437,229.101,230.269
76.12,228.171,227.91,228.0405
76.13,230.572,226.255,228.4135
76.14,229.774,226.266,228.02
76.15,229.274,228.818,229.046
76.16,229.082,228.538,228.81
76.17,232.493,228.725,230.609
76.18,231.147,230.239,230.693
76.19,228.671,225.5,227.0855
76.2,231.595,227.924,229.7595
76.21,228.413,231.588,230.0005
76.22,230.294,228.187,229.2405
76.23,226.703,227.547,227.125
76.24,229.38,232.301,230.8405
76.25,232.253,233.736,232.9945
76.26,227.354,229.476,228.415
76.27,229.35,231.009,230.1795
76.28,228.76,232.142,230.451
76.29,229.038,227.5,228.269
76.3,228.054,229.027,228.5405
76.31,223.479,231.095,227.287
76.32,227.631,232.744,230.1875
76.33,225.837,231.071,228.454
76.34,226.525,230.934,228.7295
76.35,232.085,229.133,230.609
76.36,231.854,230.038,230.946
76.37,228.884,230.799,229.8415
76.38,230.741,232.554,231.6475
76.39,229.977,230.086,230.0315
76.4,230.565,226.318,228.4415
76.41,232.066,232.379,232.2225
76.42,233.592,230.696,232.144
76.43,232.606,229.109,230.8575
76.44,230.558,232.375,231.4665
76.45,231.769,235.392,233.5805
76.46,229.16,230.498,229.829
76.47,231.222,230.475,230.8485
76.48,229.14,231.997,230.5685
76.49,229.362,232.7,231.031
76.5,227.662,231.316,229.489
76.51,231.151,231.561,231.356
76.52,233.472,228.091,230.7815
76.53,231.834,232.955,232.3945
76.54,231.855,231.733,231.794
76.55,234.963,228.45,231.7065
76.56,231.019,231.369,231.194
76.57,230.205,231.917,231.061
76.58,233.217,232.469,232.843
76.59,229.858,229.851,229.8545
76.6,234.025,231.762,232.8935
76.61,231.845,227.323,229.584
76.62,232.423,229.107,230.765
76.63,228.886,228.897,228.8915
76.64,231.9,230.114,231.007
76.65,229.2,229.239,229.2195
76.66,230.649,226.609,228.629
76.67,229.272,229.367,229.3195
76.68,232.235,228.893,230.564
76.69,230.152,228.468,229.31
76.7,231.222,228.056,229.639
76.71,228.93,224.741,226.8355
76.72,228.877,230.35,229.6135
76.73,229.362,225.486,227.424
76.74,230.084,225.954,228.019
76.75,228.709,226.057,227.383
76.76,234.674,222.6,228.637
76.77,231.858,224.541,228.1995
76.78,231.259,227.498,229.3785
76.79,232.29,228.388,230.339
76.8,229.12,226.166,227.643
76.81,234.465,231.366,232.9155
76.82,231.536,229.859,230.6975
76.83,230.382,228.957,229.6695
76.84,233.905,228.205,231.055
76.85,232.748,229.319,231.0335
76.86,234.026,234.985,234.5055
76.87,234.766,232.204,233.485
76.88,237.4,227.898,232.649
76.89,239.125,226.165,232.645
76.9,235.671,227.282,231.4765
76.91,235.611,227.968,231.7895
76.92,232.896,228.343,230.6195
76.93,236.763,228.344,232.5535
76.94,230.825,228.539,229.682
76.95,234.076,229.688,231.882
76.96,232.218,230.315,231.2665
76.97,236.49,230.375,233.4325
76.98,233.214,228.939,231.0765
76.99,233.91,233.69,233.8
77.0,231.438,224.031,227.7345
77.01,232.132,230.349,231.2405
77.02,232.461,231.38,231.9205
77.03,235.384,229.159,232.2715
77.04,232.844,226.996,229.92
77.05,233.622,232.193,232.9075
77.06,230.49,229.286,229.888
77.07,233.445,226.453,229.949
77.08,231.034,229.407,230.2205
77.09,229.122,231.683,230.4025
77.1,232.275,229.799,231.037
77.11,228.865,228.979,228.922
77.12,230.918,230.654,230.786
77.13,229.34,228.781,229.0605
77.14,227.587,229.533,228.56
77.15,227.771,233.216,230.4935
77.16,225.563,231.861,228.712
77.17,232.12,228.33,230.225
77.18,226.386,227.42,226.903
77.19,229.211,227.58,228.3955
77.2,231.239,229.191,230.215
77.21,230.314,226.452,228.383
77.22,229.478,230.296,229.887
77.23,226.521,229.938,228.2295
77.24,230.213,228.541,229.377
77.25,231.163,228.236,229.6995
77.26,232.328,227.101,229.7145
77.27,231.36,230.182,230.771
77.28,232.445,228.738,230.5915
77.29,230.566,227.074,228.82
77.3,230.894,223.076,226.985
77.31,230.456,225.46,227.958
77.32,232.325,230.729,231.527
77.33,228.258,229.206,228.732
77.34,230.838,229.634,230.236
77.35,232.077,228.788,230.4325
77.36,228.185,229.311,228.748
77.37,227.814,225.238,226.526
77.38,225.849,226.602,226.2255
77.39,231.158,227.917,229.5375
77.4,229.925,232.086,231.0055
77.41,232.287,229.47,230.8785
77.42,232.433,230.128,231.2805
77.43,233.924,229.532,231.728
77.44,230.669,233.075,231.872
77.45,229.284,230.535,229.9095
77.46,234.394,231.551,232.9725
77.47,233.026,236.996,235.011
77.48,235.05,232.456,233.753
77.49,234.368,227.454,230.911
77.5,229.731,229.128,229.4295
77.51,231.652,229.691,230.6715
77.52,230.942,227.44,229.191
77.53,233.018,229.789,231.4035
77.54,233.484,224.858,229.171
77.55,235.455,225.921,230.688
77.56,234.431,227.43,230.9305
77.57,232.771,225.962,229.3665
77.58,234.334,228.188,231.261
77.59,228.749,229.19,228.9695
77.6,226.573,229.905,228.239
77.61,225.75,228.173,226.9615
77.62,229.287,228.286,228.7865
77.63,228.217,230.527,229.372
77.64,227.318,228.143,227.7305
77.65,229.528,225.455,227.4915
77.66,226.057,229.164,227.6105
77.67,224.621,224.981,224.801
77.68,229.613,225.56,227.5865
77.69,224.278,227.264,225.771
77.7,229.496,226.834,228.165
77.71,228.611,228.93,228.7705
77.72,232.737,229.162,230.9495
77.73,229.037,229.009,229.023
77.74,225.96,232.301,229.1305
77.75,231.402,227.176,229.289
77.76,228.896,221.888,225.392
77.77,229.338,226.09,227.714
77.78,227.479,223.457,225.468
77.79,230.232,224.888,227.56
77.8,231.771,227.737,229.754
77.81,232.144,225.611,228.8775
77.82,230.721,227.653,229.187
77.83,235.165,227.82,231.4925
77.84,229.406,232.825,231.1155
77.85,229.968,226.888,228.428
77.86,228.548,230.019,229.2835
77.87,231.272,229.214,230.243
77.88,230.154,227.859,229.0065
77.89,230.169,232.359,231.264
77.9,231.082,229.866,230.474
77.91,230.593,226.182,228.3875
77.92,232.115,231.532,231.8235
77.93,229.836,229.556,229.696
77.94,233.109,228.371,230.74
77.95,230.479,228.706,229.5925
77.96,230.446,226.737,228.5915
77.97,226.144,230.566,228.355
77.98,229.861,227.366,228.6135
77.99,233.604,225.866,229.735
78.0,231.132,227.348,229.24
78.01,232.701,227.303,230.002
78.02,227.415,226.739,227.077
78.03,228.009,225.005,226.507
78.04,229.492,224.299,226.8955
78.05,229.937,226.326,228.1315
78.06,230.168,224.523,227.3455
78.07,228.167,222.515,225.341
78.08,231.772,224.568,228.17
78.09,230.835,227.274,229.0545
78.1,229.188,222.794,225.991
78.11,234.611,225.314,229.9625
78.12,231.677,225.343,228.51
78.13,231.006,226.771,228.8885
78.14,230.316,230.188,230.252
78.15,228.799,225.168,226.9835
78.16,228.229,222.34,225.2845
78.17,231.535,222.708,227.1215
78.18,232.789,225.726,229.2575
78.19,231.449,221.228,226.3385
78.2,227.021,222.895,224.958
78.21,229.896,224.865,227.3805
78.22,227.576,223.771,225.6735
78.23,226.435,225.28,225.8575
78.24,226.707,223.619,225.163
78.25,226.639,224.056,225.3475
78.26,227.545,224.858,226.2015
78.27,227.701,223.882,225.7915
78.28,226.261,226.413,226.337
78.29,230.69,220.552,225.621
78.3,228.665,227.759,228.212
78.31,228.73,226.005,227.3675
78.32,230.044,226.619,228.3315
78.33,229.96,225.938,227.949
78.34,231.17,224.656,227.913
78.35,229.895,228.6,229.2475
78.36,230.31,227.178,228.744
78.37,231.204,227.639,229.4215
78.38,228.767,228.395,228.581
78.39,227.71,227.158,227.434
78.4,229.128,224.828,226.978
78.41,227.942,222.778,225.36
78.42,230.656,225.941,228.2985
78.43,228.617,226.051,227.334
78.44,230.533,226.862,228.6975
78.45,229.103,231.281,230.192
78.46,227.237,230.298,228.7675
78.47,230.44,225.204,227.822
78.48,233.088,226.737,229.9125
78.49,228.537,231.939,230.238
78.5,228.564,227.298,227.931
78.51,229.42,226.616,228.018
78.52,232.983,223.336,228.1595
78.53,227.723,225.047,226.385
78.54,232.675,223.899,228.287
78.55,233.963,226.322,230.1425
78.56,232.795,224.019,228.407
78.57,232.28,228.242,230.261
78.58,234.332,227.411,230.8715
78.59,231.489,222.885,227.187
78.6,236.599,225.461,231.03
78.61,235.877,228.969,232.423
78.62,234.748,225.574,230.161
78.63,235.121,224.523,229.822
78.64,235.154,226.031,230.5925
78.65,233.53,223.473,228.5015
78.66,231.032,227.382,229.207
78.67,231.093,225.196,228.1445
78.68,231.434,224.414,227.924
78.69,229.452,228.077,228.7645
78.7,231.744,225.953,228.8485
78.71,232.697,225.287,228.992
78.72,230.836,227.668,229.252
78.73,234.059,226.977,230.518
78.74,234.85,230.427,232.6385
78.75,235.156,227.795,231.4755
78.76,235.972,225.122,230.547
78.77,231.17,225.989,228.5795
78.78,233.718,228.709,231.2135
78.79,232.896,229.701,231.2985
78.8,234.685,226.334,230.5095
78.81,234.093,224.856,229.4745
78.82,235.622,222.563,229.0925
78.83,235.073,228.246,231.6595
78.84,233.487,228.867,231.177
78.85,235.161,227.938,231.5495
78.86,234.683,228.275,231.479
78.87,232.965,228.783,230.874
78.88,232.336,229.615,230.9755
78.89,231.49,228.331,229.9105
78.9,234.72,229.818,232.269
78.91,235.414,228.303,231.8585
78.92,231.741,227.995,229.868
78.93,236.814,226.028,231.421
78.94,233.148,227.653,230.4005
78.95,232.909,226.517,229.713
78.96,236.625,228.058,232.3415
78.97,236.079,229.259,232.669
78.98,231.213,230.047,230.63
78.99,232.205,233.795,233.0
79.0,234.598,230.063,232.3305
79.01,231.714,229.146,230.43
79.02,233.668,229.14,231.404
79.03,232.188,229.952,231.07
79.04,232.758,230.093,231.4255
79.05,233.695,230.583,232.139
79.06,231.893,227.334,229.6135
79.07,228.277,226.48,227.3785
79.08,228.69,228.731,228.7105
79.09,229.46,228.796,229.128
79.1,227.435,230.632,229.0335
79.11,226.571,230.32,228.4455
79.12,230.748,230.685,230.7165
79.13,227.254,228.128,227.691
79.14,234.468,227.557,231.0125
79.15,232.508,226.343,229.4255
79.16,228.959,226.916,227.9375
79.17,231.895,229.488,230.6915
79.18,230.198,229.536,229.867
79.19,231.363,229.561,230.462
79.2,231.29,228.66,229.975
79.21,229.943,230.752,230.3475
79.22,228.502,227.744,228.123
79.23,230.094,226.186,228.14
79.24,231.348,226.03,228.689
79.25,228.264,230.023,229.1435
79.26,230.17,225.05,227.61
79.27,230.224,228.661,229.4425
79.28,231.343,231.062,231.2025
79.29,234.068,227.197,230.6325
79.3,230.907,229.489,230.198
79.31,228.576,226.208,227.392
79.32,228.634,230.334,229.484
79.33,229.558,228.813,229.1855
79.34,228.278,230.463,229.3705
79.35,232.379,227.485,229.932
79.36,230.478,231.208,230.843
79.37,230.231,227.9,229.0655
79.38,229.652,227.788,228.72
79.39,228.095,226.054,227.0745
79.4,229.637,230.199,229.918
79.41,229.389,229.309,229.349
79.42,231.234,230.339,230.7865
79.43,229.626,225.242,227.434
79.44,229.102,229.059,229.0805
79.45,227.087,227.252,227.1695
79.46,227.776,226.341,227.0585
79.47,227.768,225.414,226.591
79.48,226.441,230.44,228.4405
79.49,227.307,227.149,227.228
79.5,227.633,230.472,229.0525
79.51,228.672,229.42,229.046
79.52,227.648,228.006,227.827
79.53,228.505,228.891,228.698
79.54,228.935,229.67,229.3025
79.55,229.652,224.846,227.249
79.56,228.166,226.081,227.1235
79.57,226.483,227.86,227.1715
79.58,228.421,226.561,227.491
79.59,228.473,228.952,228.7125
79.6,229.485,225.426,227.4555
79.61,230.046,228.33,229.188
79.62,226.724,228.653,227.6885
79.63,227.913,228.695,228.304
79.64,224.642,230.585,227.6135
79.65,226.474,229.082,227.778
79.66,224.704,232.781,228.7425
79.67,227.414,229.717,228.5655
79.68,229.379,231.119,230.249
79.69,229.035,233.008,231.0215
79.7,227.099,228.829,227.964
79.71,228.861,228.865,228.863
79.72,231.444,229.617,230.5305
79.73,228.586,227.013,227.7995
79.74,231.049,231.612,231.3305
79.75,229.29,233.923,231.6065
79.76,230.657,228.701,229.679
79.77,228.093,230.924,229.5085
79.78,225.361,232.571,228.966
79.79,225.672,229.628,227.65
79.8,227.401,229.226,228.3135
79.81,229.344,227.779,228.5615
79.82,225.712,226.07,225.891
79.83,226.183,231.131,228.657
79.84,228.038,226.403,227.2205
79.85,228.016,225.954,226.985
79.86,226.72,228.532,227.626
79.87,228.299,229.198,228.7485
79.88,227.196,229.096,228.146
79.89,228.798,232.014,230.406
79.9,231.546,229.024,230.285
79.91,233.603,227.541,230.572
79.92,232.607,226.449,229.528
79.93,231.761,226.75,229.2555
79.94,230.895,232.749,231.822
79.95,229.607,229.015,229.311
79.96,232.488,226.824,229.656
79.97,234.899,232.087,233.493
79.98,235.221,230.349,232.785
79.99,230.446,222.788,226.617
80.0,232.528,228.532,230.53
80.01,231.217,226.528,228.8725
80.02,231.486,230.756,231.121
80.03,227.604,228.875,228.2395
80.04,229.772,228.514,229.143
80.05,228.307,226.924,227.6155
80.06,228.288,226.86,227.574
80.07,229.476,227.871,228.6735
80.08,228.691,229.983,229.337
80.09,229.348,227.982,228.665
80.1,228.732,223.649,226.1905
80.11,225.202,226.832,226.017
80.12,224.351,226.385,225.368
80.13,226.235,224.128,225.1815
80.14,225.461,227.555,226.508
80.15,230.831,221.686,226.2585
80.16,228.866,227.237,228.0515
80.17,230.49,223.305,226.8975
80.18,232.515,228.192,230.3535
80.19,230.533,225.887,228.21
80.2,230.712,223.414,227.063
80.21,231.722,225.307,228.5145
80.22,230.879,224.984,227.9315
80.23,229.733,224.701,227.217
80.24,229.123,225.249,227.186
80.25,230.579,228.912,229.7455
80.26,230.869,225.028,227.9485
80.27,228.38,224.667,226.5235
80.28,229.868,224.913,227.3905
80.29,228.097,224.568,226.3325
80.3,230.23,226.412,228.321
80.31,229.476,224.692,227.084
80.32,228.703,227.799,228.251
80.33,230.558,225.55,228.054
80.34,231.616,225.079,228.3475
80.35,230.408,224.615,227.5115
80.36,229.853,224.023,226.938
80.37,228.63,223.209,225.9195
80.38,229.062,230.785,229.9235
80.39,227.015,223.418,225.2165
80.4,226.575,228.394,227.4845
80.41,229.207,225.35,227.2785
80.42,228.191,227.782,227.9865
80.43,227.379,227.791,227.585
80.44,230.395,222.242,226.3185
80.45,231.458,225.43,228.444
80.46,229.82,225.776,227.798
80.47,229.797,224.529,227.163
80.48,229.165,223.943,226.554
80.49,230.279,219.747,225.013
80.5,230.313,222.777,226.545
80.51,229.535,223.214,226.3745
80.52,230.691,221.927,226.309
80.53,229.737,223.79,226.7635
80.54,228.187,226.866,227.5265
80.55,231.678,226.087,228.8825
80.56,229.834,224.029,226.9315
80.57,232.997,224.889,228.943
80.58,233.097,224.722,228.9095
80.59,231.668,228.068,229.868
80.6,235.307,224.938,230.1225
80.61,235.837,225.879,230.858
80.62,233.225,228.731,230.978
80.63,231.846,230.46,231.153
80.64,232.134,230.194,231.164
80.65,233.183,229.196,231.1895
80.66,231.222,228.334,229.778
80.67,232.697,229.024,230.8605
80.68,237.959,229.637,233.798
80.69,232.219,226.903,229.561
80.7,231.602,224.105,227.8535
80.71,232.687,232.53,232.6085
80.72,231.053,227.287,229.17
80.73,229.373,227.556,228.4645
80.74,226.278,229.402,227.84
80.75,232.5,227.381,229.9405
80.76,227.905,230.043,228.974
80.77,231.15,226.412,228.781
80.78,230.417,227.028,228.7225
80.79,230.336,227.935,229.1355
80.8,229.988,224.163,227.0755
80.81,234.689,233.044,233.8665
80.82,234.465,229.131,231.798
80.83,233.78,229.512,231.646
80.84,231.59,226.429,229.0095
80.85,231.707,227.586,229.6465
80.86,232.021,230.44,231.2305
80.87,230.748,228.84,229.794
80.88,230.161,232.566,231.3635
80.89,229.976,226.475,228.2255
80.9,234.007,229.744,231.8755
80.91,227.909,226.424,227.1665
80.92,226.543,227.611,227.077
80.93,229.945,228.114,229.0295
80.94,230.571,229.41,229.9905
80.95,226.502,231.809,229.1555
80.96,226.276,230.68,228.478
80.97,224.486,229.43,226.958
80.98,227.343,232.2,229.7715
80.99,228.24,230.611,229.4255
81.0,231.705,229.944,230.8245
81.01,229.97,229.99,229.98
81.02,228.386,228.802,228.594
81.03,230.396,232.524,231.46
81.04,232.291,228.038,230.1645
81.05,230.425,227.679,229.052
81.06,232.419,228.947,230.683
81.07,229.719,232.735,231.227
81.08,226.77,230.602,228.686
81.09,229.261,227.919,228.59
81.1,230.585,229.867,230.226
81.11,231.255,233.084,232.1695
81.12,227.546,229.702,228.624
81.13,229.325,230.315,229.82
81.14,232.112,228.591,230.3515
81.15,230.908,230.175,230.5415
81.16,228.811,230.047,229.429
81.17,232.499,229.057,230.778
81.18,231.364,230.653,231.0085
81.19,232.945,230.38,231.6625
81.2,232.08,225.968,229.024
81.21,228.42,229.251,228.8355
81.22,233.77,228.479,231.1245
81.23,233.445,226.835,230.14
81.24,229.651,230.738,230.1945
81.25,233.489,230.498,231.9935
81.26,232.046,230.964,231.505
81.27,232.212,231.189,231.7005
81.28,234.541,228.69,231.6155
81.29,233.956,230.752,232.354
81.3,232.354,231.249,231.8015
81.31,231.065,228.307,229.686
81.32,234.155,229.637,231.896
81.33,235.273,230.245,232.759
81.34,232.259,229.725,230.992
81.35,234.728,231.646,233.187
81.36,232.948,230.023,231.4855
81.37,232.426,230.352,231.389
81.38,235.025,228.835,231.93
81.39,231.694,230.768,231.231
81.4,233.496,233.657,233.5765
81.41,232.27,231.608,231.939
81.42,232.277,228.209,230.243
81.43,234.399,233.47,233.9345
81.44,233.832,229.282,231.557
81.45,233.208,231.766,232.487
81.46,231.564,229.281,230.4225
81.47,230.985,227.74,229.3625
81.48,232.798,228.851,230.8245
81.49,232.489,230.567,231.528
81.5,231.649,232.276,231.9625
81.51,229.928,229.189,229.5585
81.52,229.504,227.465,228.4845
81.53,232.073,229.69,230.8815
81.54,233.344,231.059,232.2015
81.55,234.296,233.273,233.7845
81.56,232.385,228.064,230.2245
81.57,236.462,228.231,232.3465
81.58,232.764,230.126,231.445
81.59,234.221,228.577,231.399
81.6,234.919,228.47,231.6945
81.61,234.422,228.885,231.6535
81.62,230.02,231.37,230.695
81.63,234.395,233.134,233.7645
81.64,230.606,231.945,231.2755
81.65,232.41,228.169,230.2895
81.66,229.798,227.029,228.4135
81.67,230.988,225.996,228.492
81.68,229.317,228.352,228.8345
81.69,230.103,223.727,226.915
81.7,228.075,229.643,228.859
81.71,230.596,232.938,231.767
81.72,232.674,230.781,231.7275
81.73,230.577,233.37,231.9735
81.74,231.243,230.479,230.861
81.75,229.762,229.551,229.6565
81.76,231.958,231.905,231.9315
81.77,232.593,231.955,232.274
81.78,229.008,228.062,228.535
81.79,226.688,231.974,229.331
81.8,227.753,230.354,229.0535
81.81,227.333,230.027,228.68
81.82,226.621,227.796,227.2085
81.83,229.213,230.908,230.0605
81.84,231.896,231.329,231.6125
81.85,230.14,231.357,230.7485
81.86,229.408,231.408,230.408
81.87,227.446,234.833,231.1395
81.88,227.857,234.552,231.2045
81.89,229.687,235.136,232.4115
81.9,228.309,229.841,229.075
81.91,230.148,234.378,232.263
81.92,233.573,231.478,232.5255
81.93,228.755,230.799,229.777
81.94,228.016,231.133,229.5745
81.95,229.022,229.651,229.3365
81.96,227.833,230.406,229.1195
81.97,232.013,232.754,232.3835
81.98,228.971,229.372,229.1715
81.99,229.945,228.722,229.3335
82.0,228.066,228.88,228.473
82.01,229.301,232.595,230.948
82.02,225.355,231.645,228.5
82.03,228.419,236.376,232.3975
82.04,230.21,233.002,231.606
82.05,231.688,236.796,234.242
82.06,231.524,230.362,230.943
82.07,225.697,232.909,229.303
82.08,224.506,237.205,230.8555
82.09,228.501,235.997,232.249
82.1,225.705,232.734,229.2195
82.11,229.349,229.421,229.385
82.12,222.91,234.087,228.4985
82.13,227.064,232.558,229.811
82.14,230.328,231.496,230.912
82.15,222.86,231.285,227.0725
82.16,225.187,231.577,228.382
82.17,228.664,233.033,230.8485
82.18,222.377,230.373,226.375
82.19,226.833,234.423,230.628
82.2,226.077,230.756,228.4165
82.21,226.222,231.228,228.725
82.22,224.949,230.823,227.886
82.23,222.743,224.818,223.7805
82.24,226.597,231.253,228.925
82.25,225.805,228.648,227.2265
82.26,227.875,233.802,230.8385
82.27,227.893,234.412,231.1525
82.28,230.634,231.616,231.125
82.29,227.125,232.071,229.598
82.3,227.184,231.391,229.2875
82.31,226.119,231.087,228.603
82.32,226.472,231.784,229.128
82.33,223.294,231.382,227.338
82.34,224.735,231.087,227.911
82.35,227.778,233.981,230.8795
82.36,225.775,235.703,230.739
82.37,224.606,227.911,226.2585
82.38,227.447,226.559,227.003
82.39,226.35,230.354,228.352
82.4,224.444,229.271,226.8575
82.41,228.98,228.566,228.773
82.42,227.616,232.216,229.916
82.43,226.499,233.284,229.8915
82.44,225.543,230.732,228.1375
82.45,227.604,227.929,227.7665
82.46,230.37,227.9,229.135
82.47,229.479,230.631,230.055
82.48,224.546,227.945,226.2455
82.49,227.112,229.254,228.183
82.5,227.438,230.35,228.894
82.51,227.845,227.218,227.5315
82.52,229.232,227.76,228.496
82.53,227.857,226.85,227.3535
82.54,230.286,225.792,228.039
82.55,228.621,227.333,227.977
82.56,228.185,231.861,230.023
82.57,228.392,230.929,229.6605
82.58,227.698,226.574,227.136
82.59,229.29,229.478,229.384
82.6,225.203,225.538,225.3705
82.61,229.899,229.186,229.5425
82.62,231.259,230.345,230.802
82.63,232.637,226.195,229.416
82.64,233.229,226.174,229.7015
82.65,232.956,227.772,230.364
82.66,229.256,228.753,229.0045
82.67,229.823,227.992,228.9075
82.68,234.494,226.474,230.484
82.69,235.441,229.365,232.403
82.7,231.186,225.418,228.302
82.71,230.45,229.407,229.9285
82.72,231.269,226.656,228.9625
82.73,232.906,226.91,229.908
82.74,229.448,229.933,229.6905
82.75,233.835,229.932,231.8835
82.76,229.946,226.108,228.027
82.77,231.408,223.299,227.3535
82.78,230.897,229.42,230.1585
82.79,232.274,227.69,229.982
82.8,233.089,228.407,230.748
82.81,229.823,224.443,227.133
82.82,229.555,226.508,228.0315
82.83,227.367,224.981,226.174
82.84,232.01,228.93,230.47
82.85,232.953,227.979,230.466
82.86,232.167,230.713,231.44
82.87,231.041,227.905,229.473
82.88,232.693,229.641,231.167
82.89,232.573,225.6,229.0865
82.9,230.725,228.62,229.6725
82.91,232.125,226.198,229.1615
82.92,236.629,229.592,233.1105
82.93,231.574,226.792,229.183
82.94,234.692,225.763,230.2275
82.95,232.322,227.681,230.0015
82.96,234.606,228.48,231.543
82.97,234.753,228.563,231.658
82.98,234.493,229.084,231.7885
82.99,233.835,229.768,231.8015
83.0,234.198,233.129,233.6635
83.01,232.72,227.5,230.11
83.02,234.013,229.11,231.5615
83.03,231.889,226.965,229.427
83.04,232.37,223.72,228.045
83.05,233.382,227.667,230.5245
83.06,229.205,228.472,228.8385
83.07,231.849,228.308,230.0785
83.08,230.373,228.84,229.6065
83.09,235.675,228.895,232.285
83.1,230.791,230.807,230.799
83.11,236.799,228.556,232.6775
83.12,233.731,231.435,232.583
83.13,233.763,230.494,232.1285
83.14,229.461,230.108,229.7845
83.15,231.748,232.382,232.065
83.16,229.911,230.086,229.9985
83.17,228.786,231.865,230.3255
83.18,231.635,233.467,232.551
83.19,231.36,228.805,230.0825
83.2,232.038,232.118,232.078
83.21,230.113,229.734,229.9235
83.22,231.738,229.669,230.7035
83.23,231.878,230.725,231.3015
83.24,232.596,228.56,230.578
83.25,230.68,230.903,230.7915
83.26,232.054,227.896,229.975
83.27,234.46,229.246,231.853
83.28,232.13,230.873,231.5015
83.29,232.088,228.532,230.31
83.3,231.161,229.981,230.571
83.31,232.558,230.738,231.648
83.32,230.346,231.813,231.0795
83.33,231.099,228.982,230.0405
83.34,226.041,228.581,227.311
83.35,229.769,233.501,231.635
83.36,231.888,230.102,230.995
83.37,231.195,228.353,229.774
83.38,232.09,234.522,233.306
83.39,229.812,229.784,229.798
83.4,229.54,230.866,230.203
83.41,230.014,230.357,230.1855
83.42,233.062,228.936,230.999
83.43,229.346,228.417,228.8815
83.44,228.176,227.863,228.0195
83.45,230.879,231.535,231.207
83.46,228.595,230.997,229.796
83.47,233.686,231.763,232.7245
83.48,230.351,230.258,230.3045
83.49,228.48,228.294,228.387
83.5,234.347,228.668,231.5075
83.51,230.954,228.819,229.8865
83.52,233.232,230.037,231.6345
83.53,232.982,232.422,232.702
83.54,231.323,229.936,230.6295
83.55,234.266,227.788,231.027
83.56,232.844,228.055,230.4495
83.57,229.909,230.822,230.3655
83.58,235.131,231.621,233.376
83.59,233.129,229.234,231.1815
83.6,231.15,228.931,230.0405
83.61,230.962,227.83,229.396
83.62,234.603,232.107,233.355
83.63,227.66,229.885,228.7725
83.64,228.905,229.607,229.256
83.65,230.518,231.789,231.1535
83.66,229.492,229.947,229.7195
83.67,230.758,227.201,228.9795
83.68,229.83,227.994,228.912
83.69,230.139,224.426,227.2825
83.7,229.33,224.544,226.937
83.71,231.919,225.176,228.5475
83.72,235.272,227.356,231.314
83.73,233.591,227.818,230.7045
83.74,229.234,224.596,226.915
83.75,231.902,224.506,228.204
83.76,229.99,221.138,225.564
83.77,233.468,224.914,229.191
83.78,233.001,229.673,231.337
83.79,232.28,228.454,230.367
83.8,234.006,232.398,233.202
83.81,228.304,227.917,228.1105
83.82,233.815,228.608,231.2115
83.83,233.758,231.519,232.6385
83.84,236.541,232.671,234.606
83.85,231.974,234.001,232.9875
83.86,234.676,228.099,231.3875
83.87,234.03,229.429,231.7295
83.88,234.539,230.426,232.4825
83.89,234.131,230.628,232.3795
83.9,236.441,230.087,233.264
83.91,233.951,228.053,231.002
83.92,235.273,226.669,230.971
83.93,234.723,229.795,232.259
83.94,234.259,231.479,232.869
83.95,232.191,230.341,231.266
83.96,233.991,233.448,233.7195
83.97,233.385,228.454,230.9195
83.98,233.301,229.952,231.6265
83.99,231.779,225.859,228.819
84.0,232.323,228.484,230.4035
84.01,231.195,229.036,230.1155
84.02,230.509,227.356,228.9325
84.03,230.127,230.976,230.5515
84.04,233.352,228.059,230.7055
84.05,235.167,230.366,232.7665
84.06,230.631,229.262,229.9465
84.07,231.93,226.711,229.3205
84.08,232.548,228.523,230.5355
84.09,233.115,230.041,231.578
84.1,233.482,227.638,230.56
84.11,228.282,230.041,229.1615
84.12,232.202,229.832,231.017
84.13,230.701,230.254,230.4775
84.14,230.438,233.503,231.9705
84.15,233.734,228.625,231.1795
84.16,230.252,229.314,229.783
84.17,234.186,234.906,234.546
84.18,230.061,230.52,230.2905
84.19,231.271,228.131,229.701
84.2,229.597,231.388,230.4925
84.21,231.988,230.69,231.339
84.22,234.143,228.869,231.506
84.23,233.647,230.4,232.0235
84.24,232.909,231.123,232.016
84.25,231.175,231.357,231.266
84.26,227.724,233.358,230.541
84.27,230.75,232.238,231.494
84.28,231.31,229.28,230.295
84.29,230.374,231.381,230.8775
84.3,234.934,230.478,232.706
84.31,232.046,227.752,229.899
84.32,231.863,230.554,231.2085
84.33,233.412,230.052,231.732
84.34,233.566,229.739,231.6525
84.35,232.122,231.606,231.864
84.36,231.736,231.544,231.64
84.37,232.761,232.271,232.516
84.38,231.644,229.368,230.506
84.39,227.168,227.404,227.286
84.4,230.289,230.444,230.3665
84.41,230.214,227.239,228.7265
84.42,235.271,224.83,230.0505
84.43,232.308,227.71,230.009
84.44,232.334,226.462,229.398
84.45,232.324,224.871,228.5975
84.46,232.687,228.219,230.453
84.47,231.338,230.453,230.8955
84.48,229.391,226.774,228.0825
84.49,228.714,229.431,229.0725
84.5,231.124,231.216,231.17
84.51,234.077,229.421,231.749
84.52,231.655,228.412,230.0335
84.53,233.668,232.689,233.1785
84.54,228.887,231.926,230.4065
84.55,233.043,231.194,232.1185
84.56,236.314,233.388,234.851
84.57,230.067,233.583,231.825
84.58,233.56,232.382,232.971
84.59,228.913,233.412,231.1625
84.6,235.76,230.132,232.946
84.61,231.453,228.783,230.118
84.62,235.646,228.198,231.922
84.63,228.643,228.646,228.6445
84.64,230.767,230.22,230.4935
84.65,229.169,231.281,230.225
84.66,230.22,229.98,230.1
84.67,231.805,231.604,231.7045
84.68,229.077,228.803,228.94
84.69,231.496,229.382,230.439
84.7,228.557,231.027,229.792
84.71,231.792,227.921,229.8565
84.72,229.606,231.71,230.658
84.73,232.509,228.985,230.747
84.74,232.383,229.412,230.8975
84.75,233.141,231.371,232.256
84.76,230.041,230.556,230.2985
84.77,232.605,229.508,231.0565
84.78,229.009,229.729,229.369
84.79,230.342,232.235,231.2885
84.8,232.792,229.142,230.967
84.81,229.904,234.353,232.1285
84.82,229.906,231.931,230.9185
84.83,230.922,232.359,231.6405
84.84,230.725,232.866,231.7955
84.85,230.837,231.844,231.3405
84.86,232.936,230.631,231.7835
84.87,231.451,232.583,232.017
84.88,228.983,231.351,230.167
84.89,235.249,230.664,232.9565
84.9,233.73,229.992,231.861
84.91,232.121,231.507,231.814
84.92,229.122,231.641,230.3815
84.93,232.77,226.85,229.81
84.94,235.563,230.158,232.8605
84.95,234.227,228.114,231.1705
84.96,231.706,230.486,231.096
84.97,232.732,232.914,232.823
84.98,228.865,232.455,230.66
84.99,234.815,234.5,234.6575
85.0,231.25,230.401,230.8255
85.01,233.068,230.802,231.935
85.02,234.344,231.763,233.0535
85.03,230.01,231.038,230.524
85.04,230.339,231.356,230.8475
85.05,234.152,232.832,233.492
85.06,233.192,231.009,232.1005
85.07,234.676,234.223,234.4495
85.08,233.971,232.073,233.022
85.09,231.883,232.669,232.276
85.1,234.02,233.302,233.661
85.11,234.346,234.74,234.543
85.12,231.554,228.527,230.0405
85.13,230.145,234.828,232.4865
85.14,232.317,232.768,232.5425
85.15,231.786,227.509,229.6475
85.16,231.225,228.503,229.864
85.17,227.704,227.14,227.422
85.18,226.524,229.317,227.9205
85.19,227.367,225.256,226.3115
85.2,229.697,226.953,228.325
85.21,229.727,227.966,228.8465
85.22,227.88,227.219,227.5495
85.23,225.085,232.133,228.609
85.24,227.715,227.277,227.496
85.25,230.423,232.884,231.6535
85.26,230.091,228.873,229.482
85.27,229.674,229.302,229.488
85.28,229.498,228.559,229.0285
85.29,231.817,229.773,230.795
85.3,230.229,231.331,230.78
85.31,231.711,236.434,234.0725
85.32,230.459,231.618,231.0385
85.33,232.147,230.728,231.4375
85.34,234.084,232.93,233.507
85.35,231.473,230.333,230.903
85.36,233.44,229.184,231.312
85.37,233.098,228.279,230.6885
85.38,232.262,230.482,231.372
85.39,234.188,230.932,232.56
85.4,231.774,227.127,229.4505
85.41,235.458,232.467,233.9625
85.42,229.097,229.908,229.5025
85.43,228.616,231.81,230.213
85.44,232.586,231.707,232.1465
85.45,229.332,229.773,229.5525
85.46,231.545,232.773,232.159
85.47,231.046,229.21,230.128
85.48,231.644,228.853,230.2485
85.49,230.265,233.078,231.6715
85.5,231.069,231.896,231.4825
85.51,234.485,228.169,231.327
85.52,233.612,228.341,230.9765
85.53,229.099,230.42,229.7595
85.54,230.616,226.731,228.6735
85.55,229.618,228.297,228.9575
85.56,227.28,229.755,228.5175
85.57,232.484,229.002,230.743
85.58,230.652,230.664,230.658
85.59,230.102,230.49,230.296
85.6,233.229,230.684,231.9565
85.61,232.33,229.106,230.718
85.62,234.157,229.162,231.6595
85.63,232.05,227.892,229.971
85.64,232.139,225.662,228.9005
85.65,234.108,229.466,231.787
85.66,236.128,230.643,233.3855
85.67,230.998,231.368,231.183
85.68,231.958,228.694,230.326
85.69,235.847,229.77,232.8085
85.7,235.812,225.507,230.6595
85.71,231.806,227.215,229.5105
85.72,236.296,226.147,231.2215
85.73,233.403,227.656,230.5295
85.74,234.763,229.746,232.2545
85.75,235.463,228.043,231.753
85.76,237.374,226.015,231.6945
85.77,236.706,226.08,231.393
85.78,237.611,231.417,234.514
85.79,238.289,228.663,233.476
85.8,235.473,228.339,231.906
85.81,237.902,233.3,235.601
85.82,236.062,228.818,232.44
85.83,234.986,227.92,231.453
85.84,235.648,229.927,232.7875
85.85,233.694,230.555,232.1245
85.86,232.566,229.467,231.0165
85.87,236.429,229.767,233.098
85.88,235.652,227.797,231.7245
85.89,234.746,227.701,231.2235
85.9,231.952,231.767,231.8595
85.91,232.518,227.118,229.818
85.92,235.279,228.331,231.805
85.93,234.6,228.832,231.716
85.94,234.516,228.652,231.584
85.95,232.067,232.013,232.04
85.96,233.155,232.6,232.8775
85.97,234.007,232.151,233.079
85.98,232.748,232.628,232.688
85.99,233.803,232.722,233.2625
86.0,234.741,230.848,232.7945
86.01,232.027,231.291,231.659
86.02,235.081,230.707,232.894
86.03,238.395,229.935,234.165
86.04,231.877,231.053,231.465
86.05,232.383,231.728,232.0555
86.06,230.874,231.951,231.4125
86.07,232.812,230.496,231.654
86.08,231.748,232.176,231.962
86.09,234.649,230.541,232.595
86.1,233.717,233.003,233.36
86.11,234.597,231.806,233.2015
86.12,233.621,232.699,233.16
86.13,233.86,234.903,234.3815
86.14,231.394,230.189,230.7915
86.15,232.325,232.645,232.485
86.16,230.935,233.945,232.44
86.17,230.594,236.1,233.347
86.18,232.661,231.46,232.0605
86.19,232.791,231.849,232.32
86.2,234.044,231.803,232.9235
86.21,233.844,230.138,231.991
86.22,235.397,231.677,233.537
86.23,237.827,228.657,233.242
86.24,234.508,227.399,230.9535
86.25,236.069,230.372,233.2205
86.26,234.149,229.814,231.9815
86.27,234.027,232.889,233.458
86.28,233.757,232.534,233.1455
86.29,234.52,231.999,233.2595
86.3,237.981,230.366,234.1735
86.31,234.251,233.152,233.7015
86.32,234.895,229.794,232.3445
86.33,235.1,234.013,234.5565
86.34,235.115,227.4,231.2575
86.35,235.24,231.249,233.2445
86.36,233.625,234.933,234.279
86.37,234.517,227.684,231.1005
86.38,233.099,228.891,230.995
86.39,234.539,229.002,231.7705
86.4,232.455,226.575,229.515
86.41,230.869,230.118,230.4935
86.42,235.232,233.042,234.137
86.43,235.188,228.737,231.9625
86.44,234.146,227.176,230.661
86.45,233.989,228.027,231.008
86.46,236.29,229.337,232.8135
86.47,231.944,230.052,230.998
86.48,234.183,230.564,232.3735
86.49,232.379,230.413,231.396
86.5,230.9,231.052,230.976
86.51,233.967,227.505,230.736
86.52,233.871,228.073,230.972
86.53,233.367,229.638,231.5025
86.54,231.323,229.934,230.6285
86.55,233.393,234.839,234.116
86.56,234.384,234.476,234.43
86.57,238.503,232.448,235.4755
86.58,235.665,233.048,234.3565
86.59,235.278,233.717,234.4975
86.6,236.715,235.604,236.1595
86.61,235.283,233.777,234.53
86.62,236.431,234.563,235.497
86.63,236.347,233.265,234.806
86.64,232.366,229.216,230.791
86.65,234.857,230.706,232.7815
86.66,230.953,231.682,231.3175
86.67,236.658,234.43,235.544
86.68,232.083,231.709,231.896
86.69,230.1,230.786,230.443
86.7,233.416,230.053,231.7345
86.71,236.386,227.677,232.0315
86.72,231.939,230.811,231.375
86.73,235.631,230.82,233.2255
86.74,233.744,231.88,232.812
86.75,231.808,229.791,230.7995
86.76,233.735,228.932,231.3335
86.77,233.748,229.063,231.4055
86.78,236.694,229.587,233.1405
86.79,234.993,233.015,234.004
86.8,234.304,227.436,230.87
86.81,235.184,228.73,231.957
86.82,235.813,231.135,233.474
86.83,233.689,228.21,230.9495
86.84,235.551,231.136,233.3435
86.85,235.392,229.593,232.4925
86.86,235.369,230.279,232.824
86.87,238.621,231.109,234.865
86.88,234.229,231.193,232.711
86.89,237.953,232.097,235.025
86.9,233.782,228.995,231.3885
86.91,235.472,227.091,231.2815
86.92,230.805,228.056,229.4305
86.93,237.93,229.06,233.495
86.94,235.239,230.711,232.975
86.95,233.037,234.629,233.833
86.96,237.943,230.068,234.0055
86.97,235.633,227.768,231.7005
86.98,234.677,228.412,231.5445
86.99,237.491,231.197,234.344
87.0,238.398,231.197,234.7975
87.01,237.844,230.053,233.9485
87.02,239.041,230.247,234.644
87.03,240.409,228.677,234.543
87.04,242.73,229.688,236.209
87.05,237.017,229.448,233.2325
87.06,237.476,228.511,232.9935
87.07,237.393,229.822,233.6075
87.08,238.959,233.464,236.2115
87.09,237.693,235.404,236.5485
87.1,233.574,232.64,233.107
87.11,234.721,234.224,234.4725
87.12,233.946,232.678,233.312
87.13,235.33,228.408,231.869
87.14,232.601,232.817,232.709
87.15,235.34,234.499,234.9195
87.16,235.687,229.446,232.5665
87.17,235.051,230.106,232.5785
87.18,238.801,228.253,233.527
87.19,238.041,231.6,234.8205
87.2,237.404,231.56,234.482
87.21,234.837,231.402,233.1195
87.22,236.846,230.192,233.519
87.23,237.694,227.604,232.649
87.24,235.709,231.515,233.612
87.25,239.834,227.226,233.53
87.26,235.116,231.33,233.223
87.27,237.01,229.276,233.143
87.28,236.307,231.062,233.6845
87.29,234.872,231.665,233.2685
87.3,235.122,230.898,233.01
87.31,237.79,231.993,234.8915
87.32,237.544,232.175,234.8595
87.33,237.545,230.472,234.0085
87.34,236.991,231.677,234.334
87.35,235.234,227.522,231.378
87.36,235.914,229.353,232.6335
87.37,235.838,231.465,233.6515
87.38,234.819,232.633,233.726
87.39,235.874,229.283,232.5785
87.4,237.473,230.301,233.887
87.41,237.361,230.678,234.0195
87.42,232.367,229.9,231.1335
87.43,233.337,231.284,232.3105
87.44,236.282,227.18,231.731
87.45,234.326,230.436,232.381
87.46,237.622,231.526,234.574
87.47,233.304,231.175,232.2395
87.48,234.719,226.659,230.689
87.49,235.409,227.466,231.4375
87.5,235.939,227.49,231.7145
87.51,237.239,226.141,231.69
87.52,233.215,227.98,230.5975
87.53,233.851,225.269,229.56
87.54,234.936,227.2,231.068
87.55,235.065,229.449,232.257
87.56,233.582,228.019,230.8005
87.57,234.775,224.674,229.7245
87.58,230.846,229.153,229.9995
87.59,233.168,230.376,231.772
87.6,238.589,229.832,234.2105
87.61,237.736,229.567,233.6515
87.62,234.251,231.411,232.831
87.63,236.108,233.777,234.9425
87.64,233.951,231.189,232.57
87.65,234.208,231.27,232.739
87.66,234.379,229.822,232.1005
87.67,235.658,231.588,233.623
87.68,233.745,229.596,231.6705
87.69,236.285,226.726,231.5055
87.7,234.941,226.74,230.8405
87.71,237.161,225.589,231.375
87.72,234.889,225.185,230.037
87.73,235.917,227.524,231.7205
87.74,235.778,227.95,231.864
87.75,235.942,229.328,232.635
87.76,235.555,227.785,231.67
87.77,236.568,231.795,234.1815
87.78,236.726,229.78,233.253
87.79,231.821,228.821,230.321
87.8,234.471,226.49,230.4805
87.81,232.409,226.957,229.683
87.82,231.641,229.602,230.6215
87.83,233.275,229.571,231.423
87.84,232.995,229.917,231.456
87.85,233.326,230.394,231.86
87.86,233.611,228.45,231.0305
87.87,234.634,231.422,233.028
87.88,233.08,231.772,232.426
87.89,237.68,228.496,233.088
87.9,235.301,228.548,231.9245
87.91,232.715,232.052,232.3835
87.92,230.391,227.906,229.1485
87.93,231.744,229.614,230.679
87.94,237.11,230.613,233.8615
87.95,232.484,229.198,230.841
87.96,231.454,226.559,229.0065
87.97,231.753,231.943,231.848
87.98,231.733,228.705,230.219
87.99,233.458,230.024,231.741
88.0,231.716,231.01,231.363
88.01,233.518,228.22,230.869
88.02,231.038,229.279,230.1585
88.03,231.772,229.801,230.7865
88.04,231.266,228.634,229.95
88.05,233.258,225.06,229.159
88.06,233.707,229.964,231.8355
88.07,233.287,228.714,231.0005
88.08,232.125,230.483,231.304
88.09,234.227,227.649,230.938
88.1,232.216,232.042,232.129
88.11,234.671,227.872,231.2715
88.12,230.72,230.592,230.656
88.13,230.894,233.09,231.992
88.14,233.717,230.995,232.356
88.15,229.934,231.261,230.5975
88.16,231.015,232.035,231.525
88.17,233.017,230.363,231.69
88.18,233.827,229.833,231.83
88.19,231.518,229.095,230.3065
88.2,231.233,231.621,231.427
88.21,232.194,232.912,232.553
88.22,233.71,234.472,234.091
88.23,234.032,235.319,234.6755
88.24,232.467,234.415,233.441
88.25,229.247,234.211,231.729
88.26,230.423,233.57,231.9965
88.27,230.754,235.241,232.9975
88.28,232.266,233.578,232.922
88.29,234.891,234.991,234.941
88.3,237.54,235.183,236.3615
88.31,232.813,234.828,233.8205
88.32,234.003,233.827,233.915
88.33,234.695,236.839,235.767
88.34,231.044,237.702,234.373
88.35,237.045,234.045,235.545
88.36,233.031,233.659,233.345
88.37,233.797,231.839,232.818
88.38,234.187,234.513,234.35
88.39,233.976,230.899,232.4375
88.4,231.539,231.174,231.3565
88.41,236.654,229.73,233.192
88.42,233.875,233.068,233.4715
88.43,233.157,230.449,231.803
88.44,236.512,234.679,235.5955
88.45,234.496,232.32,233.408
88.46,235.457,230.783,233.12
88.47,231.193,232.786,231.9895
88.48,230.816,231.43,231.123
88.49,230.786,233.486,232.136
88.5,235.494,232.131,233.8125
88.51,235.579,233.608,234.5935
88.52,239.779,230.553,235.166
88.53,234.67,228.416,231.543
88.54,233.584,230.425,232.0045
88.55,237.12,227.57,232.345
88.56,235.416,229.635,232.5255
88.57,232.384,227.258,229.821
88.58,232.256,229.267,230.7615
88.59,231.272,229.464,230.368
88.6,233.001,227.269,230.135
88.61,232.019,225.264,228.6415
88.62,237.726,227.959,232.8425
88.63,234.049,227.152,230.6005
88.64,232.514,229.965,231.2395
88.65,232.092,232.201,232.1465
88.66,231.587,230.56,231.0735
88.67,233.579,230.044,231.8115
88.68,233.097,228.924,231.0105
88.69,236.466,228.801,232.6335
88.7,234.281,227.947,231.114
88.71,232.047,228.225,230.136
88.72,236.616,231.62,234.118
88.73,232.955,228.677,230.816
88.74,238.635,229.38,234.0075
88.75,234.392,229.163,231.7775
88.76,235.422,232.69,234.056
88.77,237.355,229.286,233.3205
88.78,235.202,234.501,234.8515
88.79,236.944,232.16,234.552
88.8,236.743,231.858,234.3005
88.81,237.194,231.236,234.215
88.82,238.02,229.22,233.62
88.83,239.635,228.942,234.2885
88.84,236.545,229.673,233.109
88.85,235.381,230.519,232.95
88.86,240.079,231.642,235.8605
88.87,236.425,231.28,233.8525
88.88,232.768,232.165,232.4665
88.89,237.45,235.061,236.2555
88.9,239.85,232.574,236.212
88.91,239.83,234.783,237.3065
88.92,236.608,228.238,232.423
88.93,235.522,231.998,233.76
88.94,233.613,231.62,232.6165
88.95,236.599,234.133,235.366
88.96,235.145,232.191,233.668
88.97,233.601,227.698,230.6495
88.98,237.826,234.224,236.025
88.99,232.322,227.692,230.007
89.0,230.906,230.289,230.5975
89.01,231.001,228.108,229.5545
89.02,231.861,230.249,231.055
89.03,234.596,229.339,231.9675
89.04,235.221,230.201,232.711
89.05,235.235,227.097,231.166
89.06,235.634,229.872,232.753
89.07,234.049,230.738,232.3935
89.08,230.955,233.429,232.192
89.09,234.213,230.778,232.4955
89.1,233.13,229.622,231.376
89.11,231.455,228.701,230.078
89.12,234.745,232.104,233.4245
89.13,233.702,233.564,233.633
89.14,235.89,229.517,232.7035
89.15,237.03,227.878,232.454
89.16,232.817,229.722,231.2695
89.17,234.132,229.661,231.8965
89.18,235.321,227.538,231.4295
89.19,232.701,230.13,231.4155
89.2,235.767,227.897,231.832
89.21,231.606,228.374,229.99
89.22,231.737,227.958,229.8475
89.23,228.785,227.47,228.1275
89.24,228.099,230.065,229.082
89.25,231.948,231.094,231.521
89.26,229.9,231.581,230.7405
89.27,233.023,231.222,232.1225
89.28,231.54,227.655,229.5975
89.29,235.104,228.44,231.772
89.3,235.411,230.953,233.182
89.31,232.647,228.802,230.7245
89.32,231.831,228.418,230.1245
89.33,233.349,226.156,229.7525
89.34,233.711,225.298,229.5045
89.35,233.85,224.98,229.415
89.36,231.286,227.548,229.417
89.37,236.753,226.668,231.7105
89.38,230.469,227.709,229.089
89.39,238.312,226.564,232.438
89.4,229.849,227.209,228.529
89.41,233.586,225.021,229.3035
89.42,231.517,224.553,228.035
89.43,233.608,224.74,229.174
89.44,235.991,225.196,230.5935
89.45,234.243,226.432,230.3375
89.46,236.043,223.15,229.5965
89.47,232.056,225.454,228.755
89.48,230.468,225.612,228.04
89.49,232.395,225.074,228.7345
89.5,232.159,227.235,229.697
89.51,234.869,230.34,232.6045
89.52,232.397,226.948,229.6725
89.53,235.793,224.356,230.0745
89.54,231.929,231.36,231.6445
89.55,232.984,229.067,231.0255
89.56,234.224,223.689,228.9565
89.57,230.718,226.631,228.6745
89.58,235.159,231.099,233.129
89.59,234.082,230.405,232.2435
89.6,233.764,230.932,232.348
89.61,231.889,230.158,231.0235
89.62,234.324,230.108,232.216
89.63,231.126,227.402,229.264
89.64,232.951,228.157,230.554
89.65,234.806,225.235,230.0205
89.66,233.06,226.911,229.9855
89.67,232.415,225.971,229.193
89.68,231.013,228.231,229.622
89.69,229.572,225.908,227.74
89.7,229.529,225.84,227.6845
89.71,230.497,226.275,228.386
89.72,229.413,231.156,230.2845
89.73,231.456,228.025,229.7405
89.74,230.164,231.856,231.01
89.75,233.601,230.624,232.1125
89.76,230.905,226.953,228.929
89.77,231.233,231.578,231.4055
89.78,233.478,227.188,230.333
89.79,229.383,229.406,229.3945
89.8,230.255,230.347,230.301
89.81,232.913,233.411,233.162
89.82,230.766,228.523,229.6445
89.83,228.402,230.617,229.5095
89.84,229.307,227.002,228.1545
89.85,228.281,229.679,228.98
89.86,228.706,226.742,227.724
89.87,229.235,228.345,228.79
89.88,228.075,225.844,226.9595
89.89,231.543,226.739,229.141
89.9,227.664,224.868,226.266
89.91,230.721,229.625,230.173
89.92,230.853,228.892,229.8725
89.93,229.853,231.85,230.8515
89.94,230.776,232.135,231.4555
89.95,230.216,233.354,231.785
89.96,229.02,233.312,231.166
89.97,231.265,233.024,232.1445
89.98,231.987,233.04,232.5135
89.99,230.931,229.165,230.048
90.0,231.34,230.381,230.8605
90.01,230.027,230.258,230.1425
90.02,231.243,228.201,229.722
90.03,232.321,227.458,229.8895
90.04,231.317,227.614,229.4655
90.05,234.536,230.406,232.471
90.06,231.134,229.95,230.542
90.07,231.372,227.98,229.676
90.08,233.955,228.826,231.3905
90.09,232.096,230.768,231.432
90.1,232.252,227.593,229.9225
90.11,234.89,229.602,232.246
90.12,231.728,229.01,230.369
90.13,230.993,227.597,229.295
90.14,233.891,229.025,231.458
90.15,230.464,229.805,230.1345
90.16,229.437,229.51,229.4735
90.17,235.597,227.807,231.702
90.18,238.837,233.438,236.1375
90.19,233.272,230.349,231.8105
90.2,234.143,227.33,230.7365
90.21,236.314,225.343,230.8285
90.22,238.51,227.688,233.099
90.23,235.193,226.882,231.0375
90.24,232.796,227.569,230.1825
90.25,237.014,228.671,232.8425
90.26,239.11,227.82,233.465
90.27,236.687,230.143,233.415
90.28,232.946,228.03,230.488
90.29,229.0,228.117,228.5585
90.3,229.12,233.185,231.1525
90.31,233.09,231.536,232.313
90.32,234.55,231.925,233.2375
90.33,232.29,229.216,230.753
90.34,234.068,233.052,233.56
90.35,234.147,232.663,233.405
90.36,233.709,228.484,231.0965
90.37,233.985,227.533,230.759
90.38,237.01,227.234,232.122
90.39,238.588,232.603,235.5955
90.4,236.781,231.255,234.018
90.41,238.125,228.642,233.3835
90.42,235.268,228.831,232.0495
90.43,235.314,228.0,231.657
90.44,232.147,230.082,231.1145
90.45,233.891,229.973,231.932
90.46,227.931,230.026,228.9785
90.47,233.821,228.404,231.1125
90.48,233.698,229.395,231.5465
90.49,232.949,230.717,231.833
90.5,233.717,226.918,230.3175
90.51,231.924,230.462,231.193
90.52,234.275,227.037,230.656
90.53,231.96,225.064,228.512
90.54,229.528,228.944,229.236
90.55,231.427,228.673,230.05
90.56,233.046,226.679,229.8625
90.57,232.642,227.206,229.924
90.58,233.404,227.568,230.486
90.59,230.851,229.618,230.2345
90.6,230.863,227.273,229.068
90.61,230.559,224.745,227.652
90.62,234.693,223.904,229.2985
90.63,235.116,228.151,231.6335
90.64,233.601,232.199,232.9
90.65,234.343,231.916,233.1295
90.66,238.16,227.997,233.0785
90.67,235.866,229.888,232.877
90.68,235.253,230.369,232.811
90.69,233.537,227.674,230.6055
90.7,235.82,228.383,232.1015
90.71,235.331,230.067,232.699
90.72,231.627,230.819,231.223
90.73,235.808,232.714,234.261
90.74,230.202,229.995,230.0985
90.75,233.15,229.66,231.405
90.76,232.865,226.42,229.6425
90.77,235.541,231.121,233.331
90.78,236.825,231.627,234.226
90.79,236.266,226.83,231.548
90.8,236.544,231.664,234.104
90.81,235.867,225.689,230.778
90.82,230.822,222.563,226.6925
90.83,236.39,225.469,230.9295
90.84,234.632,221.136,227.884
90.85,234.613,224.075,229.344
90.86,232.025,222.011,227.018
90.87,235.689,223.929,229.809
90.88,238.025,226.695,232.36
90.89,236.668,224.666,230.667
90.9,233.696,227.12,230.408
90.91,236.084,229.667,232.8755
90.92,234.681,225.518,230.0995
90.93,234.733,228.722,231.7275
90.94,233.678,228.23,230.954
90.95,231.785,226.69,229.2375
90.96,237.03,228.758,232.894
90.97,234.221,231.423,232.822
90.98,230.051,229.583,229.817
90.99,233.702,235.101,234.4015
91.0,233.752,233.078,233.415
91.01,236.544,230.772,233.658
91.02,237.437,234.221,235.829
91.03,236.36,231.582,233.971
91.04,239.272,224.163,231.7175
91.05,239.118,228.767,233.9425
91.06,239.091,231.678,235.3845
91.07,234.928,229.195,232.0615
91.08,238.676,228.434,233.555
91.09,236.336,229.088,232.712
91.1,235.774,228.23,232.002
91.11,233.514,229.316,231.415
91.12,232.43,226.764,229.597
91.13,233.811,229.089,231.45
91.14,237.096,232.144,234.62
91.15,233.482,231.467,232.4745
91.16,236.348,229.976,233.162
91.17,234.725,225.196,229.9605
91.18,233.095,229.063,231.079
91.19,233.751,227.427,230.589
91.2,235.858,230.224,233.041
91.21,230.014,230.19,230.102
91.22,233.673,227.36,230.5165
91.23,234.621,230.502,232.5615
91.24,228.391,228.872,228.6315
91.25,233.349,231.692,232.5205
91.26,235.707,230.326,233.0165
91.27,232.341,232.68,232.5105
91.28,234.249,231.165,232.707
91.29,233.744,229.612,231.678
91.3,232.324,231.404,231.864
91.31,230.909,232.861,231.885
91.32,234.023,230.887,232.455
91.33,231.952,231.141,231.5465
91.34,233.516,227.092,230.304
91.35,231.315,229.693,230.504
91.36,231.778,229.329,230.5535
91.37,234.439,230.533,232.486
91.38,232.517,230.756,231.6365
91.39,231.704,224.062,227.883
91.4,229.846,226.74,228.293
91.41,231.119,226.612,228.8655
91.42,231.339,228.274,229.8065
91.43,234.599,228.099,231.349
91.44,235.346,228.935,232.1405
91.45,232.985,224.542,228.7635
91.46,230.231,224.459,227.345
91.47,230.413,228.669,229.541
91.48,236.835,228.422,232.6285
91.49,238.638,226.062,232.35
91.5,235.514,224.067,229.7905
91.51,232.859,227.07,229.9645
91.52,233.96,226.523,230.2415
91.53,236.399,227.533,231.966
91.54,236.969,232.153,234.561
91.55,231.998,226.35,229.174
91.56,233.787,230.853,232.32
91.57,235.039,228.015,231.527
91.58,233.658,232.473,233.0655
91.59,232.871,229.159,231.015
91.6,234.55,228.468,231.509
91.61,234.723,231.81,233.2665
91.62,234.258,233.329,233.7935
91.63,236.198,230.542,233.37
91.64,237.747,230.505,234.126
91.65,233.01,229.502,231.256
91.66,233.99,227.182,230.586
91.67,236.201,229.248,232.7245
91.68,233.259,226.571,229.915
91.69,235.277,232.705,233.991
91.7,232.19,230.961,231.5755
91.71,234.247,235.464,234.8555
91.72,234.782,229.482,232.132
91.73,231.633,231.025,231.329
91.74,232.429,232.377,232.403
91.75,235.244,233.604,234.424
91.76,232.231,233.338,232.7845
91.77,235.866,234.54,235.203
91.78,233.225,230.898,232.0615
91.79,236.8,231.923,234.3615
91.8,233.251,230.645,231.948
91.81,235.759,236.308,236.0335
91.82,235.634,233.529,234.5815
91.83,239.425,236.411,237.918
91.84,234.574,233.726,234.15
91.85,237.369,230.275,233.822
91.86,235.856,230.514,233.185
91.87,236.248,228.524,232.386
91.88,236.851,232.782,234.8165
91.89,233.846,230.817,232.3315
91.9,234.875,232.025,233.45
91.91,237.626,232.366,234.996
91.92,238.955,229.88,234.4175
91.93,236.861,233.361,235.111
91.94,234.715,228.636,231.6755
91.95,237.748,232.266,235.007
91.96,236.931,234.175,235.553
91.97,236.029,230.41,233.2195
91.98,233.77,229.649,231.7095
91.99,233.687,228.898,231.2925
92.0,236.054,230.05,233.052
92.01,236.539,230.028,233.2835
92.02,235.461,228.548,232.0045
92.03,234.658,226.215,230.4365
92.04,239.326,231.211,235.2685
92.05,228.919,234.516,231.7175
92.06,232.321,230.4,231.3605
92.07,232.962,228.474,230.718
92.08,231.166,230.868,231.017
92.09,234.557,230.022,232.2895
92.1,235.75,228.673,232.2115
92.11,233.663,230.583,232.123
92.12,230.415,229.383,229.899
92.13,234.476,228.705,231.5905
92.14,232.274,227.831,230.0525
92.15,235.921,228.613,232.267
92.16,234.035,227.95,230.9925
92.17,230.743,228.514,229.6285
92.18,231.923,232.42,232.1715
92.19,231.438,230.961,231.1995
92.2,230.721,229.24,229.9805
92.21,231.795,227.346,229.5705
92.22,234.124,232.44,233.282
92.23,229.252,230.197,229.7245
92.24,234.454,234.55,234.502
92.25,232.43,225.911,229.1705
92.26,235.022,228.619,231.8205
92.27,234.142,233.197,233.6695
92.28,234.162,231.499,232.8305
92.29,231.782,226.855,229.3185
92.3,233.244,228.907,231.0755
92.31,231.58,230.811,231.1955
92.32,235.251,228.491,231.871
92.33,232.874,227.981,230.4275
92.34,235.745,228.687,232.216
92.35,233.898,225.953,229.9255
92.36,232.093,227.136,229.6145
92.37,238.094,225.079,231.5865
92.38,236.899,229.541,233.22
92.39,234.475,226.974,230.7245
92.4,231.506,228.707,230.1065
92.41,230.579,228.797,229.688
92.42,230.9,230.524,230.712
92.43,230.365,226.704,228.5345
92.44,234.75,228.118,231.434
92.45,233.525,229.145,231.335
92.46,236.15,228.903,232.5265
92.47,235.033,225.961,230.497
92.48,235.106,228.804,231.955
92.49,233.496,228.099,230.7975
92.5,232.642,226.406,229.524
92.51,230.347,227.288,228.8175
92.52,233.07,230.128,231.599
92.53,232.691,229.537,231.114
92.54,231.279,226.494,228.8865
92.55,232.209,227.248,229.7285
92.56,228.416,224.752,226.584
92.57,231.296,226.927,229.1115
92.58,227.295,225.16,226.2275
92.59,230.658,226.565,228.6115
92.6,228.505,223.941,226.223
92.61,229.922,225.758,227.84
92.62,232.489,221.056,226.7725
92.63,230.483,226.887,228.685
92.64,231.875,228.455,230.165
92.65,231.37,226.579,228.9745
92.66,232.793,226.209,229.501
92.67,228.654,230.775,229.7145
92.68,232.209,226.266,229.2375
92.69,232.056,226.556,229.306
92.7,230.925,229.222,230.0735
92.71,230.952,228.269,229.6105
92.72,227.926,224.513,226.2195
92.73,232.058,225.975,229.0165
92.74,229.183,223.737,226.46
92.75,229.748,226.554,228.151
92.76,230.103,228.024,229.0635
92.77,231.845,227.911,229.878
92.78,232.466,225.876,229.171
92.79,230.689,226.204,228.4465
92.8,232.894,223.409,228.1515
92.81,231.907,224.391,228.149
92.82,235.198,223.283,229.2405
92.83,230.416,226.09,228.253
92.84,228.408,225.289,226.8485
92.85,229.682,223.336,226.509
92.86,227.613,220.215,223.914
92.87,232.005,222.232,227.1185
92.88,234.023,221.234,227.6285
92.89,231.353,226.543,228.948
92.9,234.268,225.189,229.7285
92.91,230.76,223.189,226.9745
92.92,232.549,224.22,228.3845
92.93,230.684,221.677,226.1805
92.94,233.322,226.75,230.036
92.95,234.089,220.607,227.348
92.96,228.701,223.299,226.0
92.97,231.224,228.978,230.101
92.98,232.63,226.405,229.5175
92.99,233.139,227.15,230.1445
93.0,230.456,226.884,228.67
93.01,234.653,228.495,231.574
93.02,235.428,225.262,230.345
93.03,234.18,225.789,229.9845
93.04,234.197,226.225,230.211
93.05,232.81,226.184,229.497
93.06,234.061,225.617,229.839
93.07,236.137,226.851,231.494
93.08,236.166,226.417,231.2915
93.09,233.824,223.116,228.47
93.1,234.952,225.484,230.218
93.11,234.22,227.313,230.7665
93.12,236.406,228.033,232.2195
93.13,236.414,223.797,230.1055
93.14,237.701,226.746,232.2235
93.15,232.366,227.452,229.909
93.16,234.919,225.7,230.3095
93.17,235.815,227.656,231.7355
93.18,233.712,226.644,230.178
93.19,236.029,224.444,230.2365
93.2,230.491,224.476,227.4835
93.21,233.391,224.756,229.0735
93.22,230.555,223.562,227.0585
93.23,230.597,223.976,227.2865
93.24,233.58,225.408,229.494
93.25,231.99,224.312,228.151
93.26,232.353,229.02,230.6865
93.27,231.663,224.535,228.099
93.28,230.493,223.539,227.016
93.29,231.172,220.856,226.014
93.3,232.715,227.054,229.8845
93.31,233.175,224.501,228.838
93.32,231.427,224.49,227.9585
93.33,231.674,223.537,227.6055
93.34,234.041,226.247,230.144
93.35,237.053,227.252,232.1525
93.36,232.201,227.093,229.647
93.37,234.981,226.045,230.513
93.38,235.88,223.964,229.922
93.39,234.781,225.77,230.2755
93.4,233.123,220.976,227.0495
93.41,235.758,225.439,230.5985
93.42,236.912,224.738,230.825
93.43,233.304,225.08,229.192
93.44,233.329,225.238,229.2835
93.45,234.0,223.386,228.693
93.46,235.084,223.707,229.3955
93.47,235.942,224.546,230.244
93.48,234.748,228.994,231.871
93.49,235.768,226.944,231.356
93.5,230.61,224.899,227.7545
93.51,232.648,225.459,229.0535
93.52,233.832,223.098,228.465
93.53,230.088,221.641,225.8645
93.54,231.679,221.336,226.5075
93.55,231.147,221.166,226.1565
93.56,227.848,220.843,224.3455
93.57,233.647,225.997,229.822
93.58,231.519,224.628,228.0735
93.59,229.759,222.431,226.095
93.6,232.382,220.868,226.625
93.61,231.34,222.325,226.8325
93.62,236.753,225.607,231.18
93.63,233.469,221.74,227.6045
93.64,233.526,223.345,228.4355
93.65,233.98,221.014,227.497
93.66,236.19,221.17,228.68
93.67,232.443,221.459,226.951
93.68,233.1,225.543,229.3215
93.69,232.063,219.582,225.8225
93.7,232.788,225.737,229.2625
93.71,234.328,221.59,227.959
93.72,234.821,224.164,229.4925
93.73,234.68,222.909,228.7945
93.74,236.766,223.655,230.2105
93.75,230.345,225.525,227.935
93.76,235.142,224.221,229.6815
93.77,234.437,220.044,227.2405
93.78,231.856,225.515,228.6855
93.79,233.753,222.619,228.186
93.8,230.922,225.051,227.9865
93.81,233.282,224.794,229.038
93.82,233.547,224.925,229.236
93.83,232.066,225.604,228.835
93.84,228.918,223.785,226.3515
93.85,231.683,225.089,228.386
93.86,234.823,226.663,230.743
93.87,233.336,224.089,228.7125
93.88,237.892,226.092,231.992
93.89,237.927,223.16,230.5435
93.9,236.282,223.83,230.056
93.91,235.084,224.405,229.7445
93.92,238.002,224.269,231.1355
93.93,235.55,225.964,230.757
93.94,236.927,224.694,230.8105
93.95,236.98,226.77,231.875
93.96,232.407,226.472,229.4395
93.97,235.556,228.482,232.019
93.98,233.275,225.117,229.196
93.99,237.306,223.665,230.4855
94.0,236.089,224.878,230.4835
94.01,234.296,222.368,228.332
94.02,237.072,225.563,231.3175
94.03,234.846,224.685,229.7655
94.04,233.675,224.564,229.1195
94.05,232.972,224.327,228.6495
94.06,234.349,226.433,230.391
94.07,235.813,224.566,230.1895
94.08,235.045,225.405,230.225
94.09,236.13,225.337,230.7335
94.1,231.588,224.221,227.9045
94.11,234.98,225.376,230.178
94.12,234.409,220.127,227.268
94.13,231.779,223.284,227.5315
94.14,235.213,225.714,230.4635
94.15,234.385,224.93,229.6575
94.16,231.478,225.687,228.5825
94.17,233.021,221.482,227.2515
94.18,237.142,224.934,231.038
94.19,237.798,223.854,230.826
94.2,233.766,221.284,227.525
94.21,236.581,223.399,229.99
94.22,236.384,221.923,229.1535
94.23,237.018,223.746,230.382
94.24,234.919,220.696,227.8075
94.25,233.92,221.799,227.8595
94.26,234.585,223.507,229.046
94.27,231.336,219.577,225.4565
94.28,234.842,221.761,228.3015
94.29,234.874,222.85,228.862
94.3,233.178,223.464,228.321
94.31,236.702,218.2,227.451
94.32,233.151,219.975,226.563
94.33,233.101,220.417,226.759
94.34,232.293,221.08,226.6865
94.35,234.612,223.04,228.826
94.36,235.411,222.33,228.8705
94.37,236.22,222.296,229.258
94.38,235.657,224.555,230.106
94.39,234.374,222.351,228.3625
94.4,236.913,226.109,231.511
94.41,235.42,222.696,229.058
94.42,234.75,225.174,229.962
94.43,236.457,224.617,230.537
94.44,234.836,225.012,229.924
94.45,236.856,221.797,229.3265
94.46,236.326,227.938,232.132
94.47,232.663,223.701,228.182
94.48,234.159,225.361,229.76
94.49,237.025,223.804,230.4145
94.5,235.899,222.048,228.9735
94.51,236.612,222.54,229.576
94.52,235.488,226.415,230.9515
94.53,237.268,222.648,229.958
94.54,235.917,223.604,229.7605
94.55,235.433,225.78,230.6065
94.56,232.626,227.546,230.086
94.57,236.409,225.233,230.821
94.58,238.389,225.794,232.0915
94.59,240.328,224.941,232.6345
94.6,238.759,224.318,231.5385
94.61,237.399,224.516,230.9575
94.62,235.539,221.766,228.6525
94.63,236.495,226.596,231.5455
94.64,235.114,224.985,230.0495
94.65,232.844,227.283,230.0635
94.66,235.411,223.394,229.4025
94.67,237.657,225.907,231.782
94.68,235.973,224.168,230.0705
94.69,237.197,224.739,230.968
94.7,234.624,225.959,230.2915
94.71,234.527,225.877,230.202
94.72,236.909,226.884,231.8965
94.73,237.318,226.999,232.1585
94.74,237.091,224.708,230.8995
94.75,237.601,224.086,230.8435
94.76,233.607,226.784,230.1955
94.77,231.54,222.053,226.7965
94.78,234.337,225.824,230.0805
94.79,236.551,221.709,229.13
94.8,231.0,226.205,228.6025
94.81,235.045,224.06,229.5525
94.82,234.53,225.401,229.9655
94.83,236.214,224.979,230.5965
94.84,238.825,222.989,230.907
94.85,235.893,223.124,229.5085
94.86,232.29,221.823,227.0565
94.87,233.633,221.756,227.6945
94.88,235.719,221.837,228.778
94.89,235.18,223.885,229.5325
94.9,236.565,224.238,230.4015
94.91,235.545,223.202,229.3735
94.92,235.088,222.425,228.7565
94.93,236.16,222.615,229.3875
94.94,233.912,222.945,228.4285
94.95,237.636,224.079,230.8575
94.96,234.344,224.554,229.449
94.97,234.423,223.955,229.189
94.98,234.399,223.159,228.779
94.99,235.112,225.245,230.1785
95.0,232.854,223.438,228.146
95.01,232.959,222.701,227.83
95.02,232.567,225.307,228.937
95.03,229.598,221.532,225.565
95.04,231.105,227.772,229.4385
95.05,232.786,225.997,229.3915
95.06,231.742,226.544,229.143
95.07,232.081,226.758,229.4195
95.08,231.333,226.894,229.1135
95.09,233.843,223.445,228.644
95.1,232.674,223.721,228.1975
95.11,234.021,224.314,229.1675
95.12,230.946,223.945,227.4455
95.13,233.507,225.245,229.376
95.14,230.856,225.158,228.007
95.15,229.365,227.027,228.196
95.16,229.014,227.235,228.1245
95.17,230.454,223.868,227.161
95.18,226.894,223.195,225.0445
95.19,228.057,224.089,226.073
95.2,227.044,224.988,226.016
95.21,227.24,227.149,227.1945
95.22,228.46,223.509,225.9845
95.23,229.618,221.09,225.354
95.24,226.609,225.142,225.8755
95.25,228.056,224.455,226.2555
95.26,229.894,223.71,226.802
95.27,228.79,223.03,225.91
95.28,229.31,225.456,227.383
95.29,228.727,223.612,226.1695
95.3,227.133,224.32,225.7265
95.31,225.688,220.548,223.118
95.32,229.427,224.069,226.748
95.33,225.979,224.548,225.2635
95.34,228.842,225.16,227.001
95.35,228.21,228.466,228.338
95.36,229.461,224.282,226.8715
95.37,233.494,224.227,228.8605
95.38,232.28,221.252,226.766
95.39,226.996,223.741,225.3685
95.4,233.483,224.456,228.9695
95.41,227.766,223.917,225.8415
95.42,229.787,224.678,227.2325
95.43,229.678,224.219,226.9485
95.44,231.314,227.123,229.2185
95.45,230.595,226.596,228.5955
95.46,231.547,229.651,230.599
95.47,228.432,224.812,226.622
95.48,230.271,221.568,225.9195
95.49,228.195,223.139,225.667
95.5,230.682,222.73,226.706
95.51,227.018,220.415,223.7165
95.52,227.729,225.384,226.5565
95.53,226.657,223.823,225.24
95.54,224.971,222.232,223.6015
95.55,226.84,224.966,225.903
95.56,230.246,226.214,228.23
95.57,229.673,227.012,228.3425
95.58,231.071,222.935,227.003
95.59,227.421,223.208,225.3145
95.6,229.897,225.493,227.695
95.61,230.57,224.131,227.3505
95.62,227.384,223.319,225.3515
95.63,229.367,224.323,226.845
95.64,227.559,221.389,224.474
95.65,228.026,226.824,227.425
95.66,227.722,224.024,225.873
95.67,228.836,222.41,225.623
95.68,225.48,226.593,226.0365
95.69,226.592,225.519,226.0555
95.7,228.314,226.897,227.6055
95.71,227.859,218.252,223.0555
95.72,230.899,227.515,229.207
95.73,230.29,219.292,224.791
95.74,230.969,221.183,226.076
95.75,229.67,219.967,224.8185
95.76,229.595,221.624,225.6095
95.77,228.348,221.695,225.0215
95.78,227.814,226.625,227.2195
95.79,228.615,217.458,223.0365
95.8,227.36,221.327,224.3435
95.81,230.19,218.941,224.5655
95.82,230.59,219.537,225.0635
95.83,229.217,221.541,225.379
95.84,225.23,221.218,223.224
95.85,228.323,224.195,226.259
95.86,230.451,219.352,224.9015
95.87,227.072,224.283,225.6775
95.88,232.467,222.887,227.677
95.89,230.719,221.56,226.1395
95.9,226.914,219.043,222.9785
95.91,230.604,221.317,225.9605
95.92,227.319,222.129,224.724
95.93,232.237,223.496,227.8665
95.94,229.403,223.351,226.377
95.95,228.448,223.259,225.8535
95.96,227.576,221.95,224.763
95.97,226.063,223.711,224.887
95.98,228.864,220.774,224.819
95.99,225.805,220.928,223.3665
96.0,228.724,224.165,226.4445
96.01,226.464,221.857,224.1605
96.02,226.671,221.467,224.069
96.03,228.18,224.228,226.204
96.04,227.794,222.63,225.212
96.05,229.271,219.153,224.212
96.06,228.062,220.321,224.1915
96.07,231.633,223.461,227.547
96.08,229.396,221.61,225.503
96.09,229.786,225.117,227.4515
96.1,232.024,223.038,227.531
96.11,229.492,225.417,227.4545
96.12,230.767,224.318,227.5425
96.13,231.633,223.35,227.4915
96.14,232.345,225.022,228.6835
96.15,232.96,219.663,226.3115
96.16,227.938,225.185,226.5615
96.17,230.971,224.578,227.7745
96.18,231.68,224.858,228.269
96.19,227.343,224.994,226.1685
96.2,230.253,223.305,226.779
96.21,228.483,224.714,226.5985
96.22,231.349,224.949,228.149
96.23,229.181,221.7,225.4405
96.24,231.536,227.449,229.4925
96.25,228.281,224.326,226.3035
96.26,228.177,224.381,226.279
96.27,229.771,221.801,225.786
96.28,226.72,227.728,227.224
96.29,227.763,225.408,226.5855
96.3,225.394,228.417,226.9055
96.31,230.196,224.138,227.167
96.32,229.783,223.019,226.401
96.33,235.424,226.091,230.7575
96.34,230.066,221.326,225.696
96.35,231.754,221.908,226.831
96.36,232.684,220.457,226.5705
96.37,235.887,223.347,229.617
96.38,233.958,223.945,228.9515
96.39,229.822,230.562,230.192
96.4,232.675,225.196,228.9355
96.41,234.419,224.546,229.4825
96.42,233.671,224.336,229.0035
96.43,236.526,223.858,230.192
96.44,229.338,224.889,227.1135
96.45,233.557,224.695,229.126
96.46,231.68,224.866,228.273
96.47,233.713,229.581,231.647
96.48,235.712,225.017,230.3645
96.49,234.11,225.188,229.649
96.5,229.757,225.793,227.775
96.51,231.521,225.654,228.5875
96.52,233.405,226.274,229.8395
96.53,231.524,226.111,228.8175
96.54,232.306,226.67,229.488
96.55,229.986,224.411,227.1985
96.56,228.976,229.039,229.0075
96.57,230.264,227.771,229.0175
96.58,229.591,230.176,229.8835
96.59,228.605,228.463,228.534
96.6,231.284,227.848,229.566
96.61,231.04,227.987,229.5135
96.62,230.584,230.632,230.608
96.63,228.637,228.365,228.501
96.64,232.05,231.442,231.746
96.65,232.118,229.012,230.565
96.66,231.161,228.24,229.7005
96.67,234.982,229.347,232.1645
96.68,231.763,226.473,229.118
96.69,232.681,231.032,231.8565
96.7,233.964,227.823,230.8935
96.71,234.237,229.208,231.7225
96.72,233.999,229.774,231.8865
96.73,232.316,225.511,228.9135
96.74,231.045,229.32,230.1825
96.75,231.217,227.426,229.3215
96.76,236.448,226.428,231.438
96.77,232.216,226.123,229.1695
96.78,234.946,226.257,230.6015
96.79,233.537,227.403,230.47
96.8,232.657,227.701,230.179
96.81,229.112,225.088,227.1
96.82,229.179,227.842,228.5105
96.83,229.54,223.261,226.4005
96.84,229.255,225.29,227.2725
96.85,231.486,225.301,228.3935
96.86,236.551,225.103,230.827
96.87,232.391,226.99,229.6905
96.88,233.273,221.687,227.48
96.89,231.805,226.231,229.018
96.9,231.486,227.997,229.7415
96.91,227.464,225.863,226.6635
96.92,229.429,224.961,227.195
96.93,228.901,226.84,227.8705
96.94,229.297,227.161,228.229
96.95,228.994,225.57,227.282
96.96,232.29,223.122,227.706
96.97,231.381,224.394,227.8875
96.98,229.048,224.743,226.8955
96.99,228.231,225.793,227.012
97.0,228.039,228.528,228.2835
97.01,228.227,225.597,226.912
97.02,229.578,225.07,227.324
97.03,234.614,224.366,229.49
97.04,232.723,224.094,228.4085
97.05,230.374,226.463,228.4185
97.06,231.345,226.11,228.7275
97.07,232.585,227.408,229.9965
97.08,229.775,224.692,227.2335
97.09,225.499,223.933,224.716
97.1,228.129,222.827,225.478
97.11,229.733,224.617,227.175
97.12,227.924,228.386,228.155
97.13,232.634,224.5,228.567
97.14,231.847,225.947,228.897
97.15,231.078,225.067,228.0725
97.16,234.239,226.161,230.2
97.17,229.271,227.89,228.5805
97.18,231.934,225.707,228.8205
97.19,230.657,224.359,227.508
97.2,231.269,226.756,229.0125
97.21,230.407,226.026,228.2165
97.22,232.539,223.575,228.057
97.23,229.673,221.387,225.53
97.24,227.911,225.085,226.498
97.25,228.76,228.283,228.5215
97.26,226.08,228.667,227.3735
97.27,228.21,227.056,227.633
97.28,229.79,227.928,228.859
97.29,225.835,226.039,225.937
97.3,231.179,226.807,228.993
97.31,231.292,223.812,227.552
97.32,230.172,228.316,229.244
97.33,230.954,230.719,230.8365
97.34,228.025,227.348,227.6865
97.35,226.339,225.826,226.0825
97.36,228.48,228.98,228.73
97.37,228.016,227.004,227.51
97.38,229.33,231.718,230.524
97.39,229.814,230.495,230.1545
97.4,230.17,226.887,228.5285
97.41,228.554,231.534,230.044
97.42,229.783,230.958,230.3705
97.43,228.941,227.324,228.1325
97.44,228.522,227.879,228.2005
97.45,231.878,228.843,230.3605
97.46,231.113,230.368,230.7405
97.47,234.266,226.578,230.422
97.48,231.331,226.64,228.9855
97.49,232.17,230.163,231.1665
97.5,231.988,227.153,229.5705
97.51,226.768,227.644,227.206
97.52,230.196,228.482,229.339
97.53,234.161,224.513,229.337
97.54,231.545,226.32,228.9325
97.55,229.238,228.897,229.0675
97.56,231.296,226.399,228.8475
97.57,231.096,228.114,229.605
97.58,231.961,228.128,230.0445
97.59,230.889,227.562,229.2255
97.6,232.08,230.017,231.0485
97.61,228.644,227.486,228.065
97.62,229.752,231.24,230.496
97.63,228.722,231.7,230.211
97.64,233.258,228.612,230.935
97.65,231.227,226.788,229.0075
97.66,233.052,230.706,231.879
97.67,230.053,229.599,229.826
97.68,231.21,231.806,231.508
97.69,231.404,231.722,231.563
97.7,230.853,228.965,229.909
97.71,228.608,227.746,228.177
97.72,230.922,228.807,229.8645
97.73,230.881,233.019,231.95
97.74,230.155,232.121,231.138
97.75,231.719,230.966,231.3425
97.76,230.71,226.946,228.828
97.77,237.071,227.579,232.325
97.78,229.921,227.417,228.669
97.79,234.964,229.511,232.2375
97.8,232.471,225.803,229.137
97.81,232.712,229.701,231.2065
97.82,234.533,227.796,231.1645
97.83,234.866,226.91,230.888
97.84,234.592,228.478,231.535
97.85,234.3,225.329,229.8145
97.86,237.312,227.701,232.5065
97.87,233.963,229.406,231.6845
97.88,233.511,227.359,230.435
97.89,232.742,228.486,230.614
97.9,237.753,227.593,232.673
97.91,233.308,226.84,230.074
97.92,237.03,226.667,231.8485
97.93,233.817,224.552,229.1845
97.94,231.7,224.885,228.2925
97.95,233.467,222.835,228.151
97.96,232.912,228.363,230.6375
97.97,236.074,224.826,230.45
97.98,234.032,226.25,230.141
97.99,236.91,227.614,232.262
98.0,235.674,224.569,230.1215
98.01,236.337,224.333,230.335
98.02,239.939,223.315,231.627
98.03,235.593,225.251,230.422
98.04,237.713,221.547,229.63
98.05,235.88,224.497,230.1885
98.06,236.043,223.93,229.9865
98.07,234.052,226.313,230.1825
98.08,235.597,227.934,231.7655
98.09,232.372,225.988,229.18
98.1,234.775,223.207,228.991
98.11,236.949,230.949,233.949
98.12,235.738,227.527,231.6325
98.13,234.289,221.62,227.9545
98.14,236.324,225.216,230.77
98.15,237.848,228.005,232.9265
98.16,232.579,223.888,228.2335
98.17,230.811,225.911,228.361
98.18,229.245,226.111,227.678
98.19,229.817,221.09,225.4535
98.2,233.162,226.952,230.057
98.21,231.273,227.053,229.163
98.22,231.104,225.278,228.191
98.23,230.622,228.315,229.4685
98.24,231.982,225.005,228.4935
98.25,233.993,225.574,229.7835
98.26,234.252,227.234,230.743
98.27,231.837,225.79,228.8135
98.28,231.085,225.785,228.435
98.29,232.656,222.195,227.4255
98.3,232.809,225.628,229.2185
98.31,230.502,226.254,228.378
98.32,232.22,227.062,229.641
98.33,230.055,221.608,225.8315
98.34,231.476,228.028,229.752
98.35,230.92,223.182,227.051
98.36,234.346,224.565,229.4555
98.37,229.734,224.728,227.231
98.38,233.258,223.474,228.366
98.39,231.129,223.543,227.336
98.4,231.98,224.443,228.2115
98.41,229.55,228.534,229.042
98.42,231.071,226.769,228.92
98.43,227.124,225.462,226.293
98.44,230.956,228.214,229.585
98.45,230.509,231.895,231.202
98.46,228.672,224.935,226.8035
98.47,232.31,224.817,228.5635
98.48,231.662,225.758,228.71
98.49,226.273,228.014,227.1435
98.5,232.41,226.452,229.431
98.51,229.119,224.591,226.855
98.52,225.186,226.479,225.8325
98.53,225.094,224.572,224.833
98.54,224.942,227.926,226.434
98.55,230.942,227.447,229.1945
98.56,228.239,225.926,227.0825
98.57,226.728,226.9,226.814
98.58,232.793,225.526,229.1595
98.59,226.751,224.303,225.527
98.6,225.263,224.393,224.828
98.61,224.949,224.993,224.971
98.62,228.25,227.351,227.8005
98.63,226.894,223.221,225.0575
98.64,227.048,224.009,225.5285
98.65,226.593,222.357,224.475
98.66,229.532,220.845,225.1885
98.67,228.02,223.066,225.543
98.68,228.157,223.603,225.88
98.69,228.72,221.016,224.868
98.7,226.63,223.792,225.211
98.71,224.991,221.072,223.0315
98.72,228.594,220.839,224.7165
98.73,227.148,223.812,225.48
98.74,227.628,223.383,225.5055
98.75,225.015,220.377,222.696
98.76,224.329,225.717,225.023
98.77,226.044,221.822,223.933
98.78,226.235,220.351,223.293
98.79,230.478,222.201,226.3395
98.8,228.986,224.341,226.6635
98.81,231.009,227.139,229.074
98.82,225.983,224.338,225.1605
98.83,228.759,225.184,226.9715
98.84,228.303,225.757,227.03
98.85,227.204,221.432,224.318
98.86,227.967,225.153,226.56
98.87,227.565,227.578,227.5715
98.88,226.253,223.837,225.045
98.89,228.575,226.839,227.707
98.9,224.998,225.41,225.204
98.91,226.131,228.222,227.1765
98.92,227.935,222.893,225.414
98.93,230.514,226.631,228.5725
98.94,230.698,223.288,226.993
98.95,228.526,225.797,227.1615
98.96,230.336,222.614,226.475
98.97,225.19,223.549,224.3695
98.98,229.21,225.385,227.2975
98.99,225.851,225.269,225.56
99.0,225.545,223.151,224.348
99.01,228.176,224.198,226.187
99.02,224.55,223.14,223.845
99.03,226.454,226.814,226.634
99.04,229.878,220.552,225.215
99.05,228.727,224.827,226.777
99.06,227.847,223.59,225.7185
99.07,228.504,224.247,226.3755
99.08,225.566,224.751,225.1585
99.09,228.64,225.645,227.1425
99.1,230.392,222.022,226.207
99.11,225.882,225.158,225.52
99.12,226.913,221.936,224.4245
99.13,230.47,226.061,228.2655
99.14,228.667,222.242,225.4545
99.15,227.636,222.925,225.2805
99.16,229.786,221.243,225.5145
99.17,227.426,224.932,226.179
99.18,229.937,220.907,225.422
99.19,228.075,224.715,226.395
99.2,229.316,222.916,226.116
99.21,228.025,224.495,226.26
99.22,229.292,226.296,227.794
99.23,225.775,226.307,226.041
99.24,225.99,225.441,225.7155
99.25,226.169,226.475,226.322
99.26,225.191,224.881,225.036
99.27,224.654,224.886,224.77
99.28,227.584,223.911,225.7475
99.29,226.398,222.753,224.5755
99.3,228.233,225.527,226.88
99.31,228.237,226.369,227.303
99.32,230.459,222.576,226.5175
99.33,225.831,225.149,225.49
99.34,229.934,223.01,226.472
99.35,229.466,224.877,227.1715
99.36,228.051,225.36,226.7055
99.37,228.369,223.906,226.1375
99.38,229.751,226.729,228.24
99.39,230.031,226.391,228.211
99.4,226.98,224.502,225.741
99.41,229.625,221.65,225.6375
99.42,230.024,225.552,227.788
99.43,231.367,225.487,228.427
99.44,229.57,224.136,226.853
99.45,228.679,226.955,227.817
99.46,229.864,226.876,228.37
99.47,228.523,225.595,227.059
99.48,232.474,222.65,227.562
99.49,231.054,225.586,228.32
99.5,228.983,227.442,228.2125
99.51,232.284,226.876,229.58
99.52,230.964,220.611,225.7875
99.53,228.973,226.201,227.587
99.54,230.481,225.09,227.7855
99.55,234.173,227.068,230.6205
99.56,230.322,219.386,224.854
99.57,233.795,219.784,226.7895
99.58,229.858,225.444,227.651
99.59,230.956,225.698,228.327
99.6,231.343,219.766,225.5545
99.61,229.322,224.653,226.9875
99.62,229.844,221.42,225.632
99.63,227.352,222.766,225.059
99.64,226.683,222.112,224.3975
99.65,229.036,222.769,225.9025
99.66,230.728,225.19,227.959
99.67,229.737,223.012,226.3745
99.68,229.494,225.856,227.675
99.69,231.642,222.84,227.241
99.7,229.567,222.835,226.201
99.71,231.33,222.884,227.107
99.72,227.511,221.583,224.547
99.73,231.02,226.602,228.811
99.74,231.855,223.215,227.535
99.75,232.164,226.205,229.1845
99.76,232.801,227.001,229.901
99.77,231.465,226.851,229.158
99.78,228.204,219.949,224.0765
99.79,232.901,224.785,228.843
99.8,228.322,224.922,226.622
99.81,231.802,223.744,227.773
99.82,227.698,220.885,224.2915
99.83,226.064,224.28,225.172
99.84,225.845,225.544,225.6945
99.85,227.786,226.932,227.359
99.86,229.19,225.341,227.2655
99.87,228.769,226.432,227.6005
99.88,230.545,223.09,226.8175
99.89,227.023,224.615,225.819
99.9,234.784,226.161,230.4725
99.91,231.865,221.978,226.9215
99.92,229.827,225.36,227.5935
99.93,227.015,222.683,224.849
99.94,233.414,223.304,228.359
99.95,230.649,226.251,228.45
99.96,231.758,221.816,226.787
99.97,230.372,225.258,227.815
99.98,233.635,227.176,230.4055
99.99,230.0,226.384,228.192
100.0,233.826,224.369,229.0975
